 &plot nbnd=  80, nks=   129 /
            0.000000  0.000000  0.000000
  -65.229  -65.222  -33.955  -33.871  -33.832  -33.807  -33.763  -33.763  -16.122  -14.997
  -14.697  -14.496   -8.022   -7.330   -6.284   -5.920   -5.920   -5.693   -5.549   -4.549
   -4.340   -4.146   -3.283   -3.283   -1.969   -1.186   -1.186   -0.419    0.883    0.935
    2.082    2.503    2.503    2.699    2.940    3.035    3.037    3.166    3.213    3.789
    3.793    4.192    4.906    5.161    5.258    6.184    6.208    6.484    6.484    6.621
    6.714    6.867    6.966    7.016    7.033    7.225    7.633    7.636    7.898    8.007
    8.802    8.906    9.072    9.124    9.264    9.626    9.813    9.967   10.463   10.695
   10.695   10.748   10.748   10.824   10.959   10.980   11.213   11.430   11.667   11.745
            0.015625  0.000000  0.000000
  -65.229  -65.222  -33.955  -33.871  -33.832  -33.807  -33.763  -33.763  -16.121  -14.997
  -14.697  -14.497   -8.020   -7.329   -6.285   -5.922   -5.920   -5.693   -5.549   -4.548
   -4.340   -4.145   -3.289   -3.285   -1.969   -1.185   -1.184   -0.418    0.882    0.935
    2.084    2.493    2.502    2.701    2.950    3.032    3.034    3.167    3.222    3.790
    3.794    4.181    4.907    5.171    5.259    6.107    6.282    6.481    6.486    6.622
    6.687    6.870    6.897    7.015    7.134    7.226    7.550    7.696    7.874    8.058
    8.784    8.906    9.062    9.140    9.264    9.635    9.810    9.961   10.467   10.671
   10.675   10.736   10.766   10.865   10.946   10.975   11.224   11.420   11.670   11.755
            0.031250  0.000000  0.000000
  -65.229  -65.222  -33.955  -33.871  -33.833  -33.806  -33.763  -33.763  -16.119  -14.998
  -14.698  -14.499   -8.014   -7.326   -6.289   -5.927   -5.919   -5.692   -5.547   -4.547
   -4.341   -4.139   -3.304   -3.291   -1.967   -1.182   -1.176   -0.414    0.879    0.935
    2.090    2.465    2.501    2.708    2.978    3.018    3.031    3.170    3.247    3.794
    3.798    4.148    4.909    5.200    5.262    6.018    6.361    6.475    6.493    6.625
    6.629    6.787    6.878    7.076    7.229    7.249    7.463    7.684    7.898    8.145
    8.741    8.905    9.030    9.185    9.263    9.651    9.809    9.946   10.475   10.612
   10.639   10.740   10.797   10.911   10.932   10.961   11.253   11.395   11.680   11.781
            0.046875  0.000000  0.000000
  -65.229  -65.222  -33.954  -33.871  -33.833  -33.806  -33.764  -33.763  -16.115  -14.999
  -14.698  -14.504   -8.004   -7.322   -6.295   -5.936   -5.917   -5.691   -5.545   -4.545
   -4.341   -4.130   -3.330   -3.301   -1.965   -1.178   -1.164   -0.407    0.874    0.935
    2.101    2.426    2.498    2.717    3.002    3.020    3.027    3.175    3.281    3.799
    3.805    4.097    4.913    5.244    5.268    5.927    6.415    6.465    6.506    6.581
    6.630    6.678    6.891    7.143    7.234    7.347    7.401    7.619    7.977    8.238
    8.686    8.904    8.985    9.247    9.262    9.649    9.830    9.921   10.483   10.547
   10.599   10.754   10.827   10.864   10.943   11.003   11.288   11.358   11.698   11.817
            0.062500  0.000000  0.000000
  -65.229  -65.222  -33.953  -33.870  -33.833  -33.806  -33.765  -33.763  -16.110  -15.000
  -14.698  -14.509   -7.991   -7.317   -6.303   -5.948   -5.914   -5.690   -5.543   -4.541
   -4.342   -4.118   -3.365   -3.315   -1.963   -1.173   -1.147   -0.398    0.867    0.934
    2.115    2.381    2.495    2.729    2.986    3.021    3.071    3.182    3.323    3.808
    3.814    4.033    4.919    5.276    5.297    5.837    6.398    6.451    6.523    6.564
    6.606    6.636    6.910    7.178    7.242    7.318    7.492    7.558    8.067    8.328
    8.628    8.902    8.935    9.259    9.317    9.619    9.880    9.888   10.484   10.484
   10.558   10.773   10.812   10.854   10.926   11.073   11.318   11.324   11.721   11.858
            0.078125  0.000000  0.000000
  -65.229  -65.222  -33.953  -33.870  -33.833  -33.806  -33.766  -33.763  -16.104  -15.001
  -14.699  -14.517   -7.974   -7.310   -6.313   -5.963   -5.910   -5.688   -5.541   -4.537
   -4.343   -4.103   -3.410   -3.332   -1.959   -1.168   -1.125   -0.385    0.858    0.933
    2.133    2.332    2.490    2.743    2.972    3.014    3.128    3.191    3.369    3.818
    3.826    3.959    4.926    5.286    5.356    5.747    6.334    6.435    6.461    6.545
    6.642    6.667    6.934    7.137    7.252    7.308    7.516    7.622    8.160    8.399
    8.585    8.888    8.898    9.256    9.387    9.575    9.850    9.944   10.425   10.474
   10.515   10.756   10.794   10.878   10.912   11.142   11.278   11.357   11.751   11.899
            0.093750  0.000000  0.000000
  -65.229  -65.223  -33.951  -33.870  -33.833  -33.806  -33.767  -33.764  -16.096  -15.004
  -14.700  -14.526   -7.953   -7.301   -6.325   -5.981   -5.906   -5.686   -5.539   -4.530
   -4.343   -4.085   -3.462   -3.353   -1.955   -1.163   -1.099   -0.370    0.847    0.931
    2.154    2.283    2.485    2.760    2.962    3.004    3.188    3.204    3.419    3.831
    3.840    3.878    4.935    5.299    5.413    5.657    6.261    6.356    6.416    6.572
    6.649    6.739    6.963    7.064    7.265    7.269    7.551    7.744    8.247    8.415
    8.590    8.857    8.893    9.250    9.437    9.543    9.808   10.008   10.372   10.454
   10.472   10.699   10.817   10.898   10.901   11.209   11.244   11.383   11.787   11.936
            0.109375  0.000000  0.000000
  -65.229  -65.223  -33.950  -33.870  -33.834  -33.805  -33.769  -33.764  -16.087  -15.006
  -14.700  -14.536   -7.929   -7.291   -6.338   -6.001   -5.901   -5.683   -5.539   -4.521
   -4.344   -4.065   -3.522   -3.376   -1.950   -1.158   -1.070   -0.352    0.834    0.929
    2.169    2.242    2.480    2.780    2.956    2.994    3.215    3.255    3.472    3.792
    3.845    3.858    4.945    5.313    5.464    5.568    6.192    6.255    6.396    6.603
    6.655    6.802    6.995    6.996    7.200    7.280    7.622    7.869    8.294    8.407
    8.626    8.862    8.885    9.241    9.416    9.580    9.766   10.062   10.324   10.428
   10.431   10.641   10.838   10.889   10.914   11.222   11.273   11.399   11.826   11.966
            0.125000  0.000000  0.000000
  -65.229  -65.223  -33.948  -33.869  -33.834  -33.805  -33.770  -33.764  -16.076  -15.010
  -14.701  -14.548   -7.901   -7.279   -6.351   -6.024   -5.896   -5.680   -5.540   -4.511
   -4.345   -4.043   -3.588   -3.402   -1.944   -1.156   -1.037   -0.331    0.820    0.926
    2.151    2.237    2.474    2.802    2.955    2.981    3.231    3.321    3.526    3.704
    3.863    3.879    4.957    5.329    5.469    5.513    6.125    6.163    6.373    6.639
    6.662    6.821    6.969    7.034    7.123    7.297    7.704    7.995    8.258    8.450
    8.652    8.874    8.917    9.227    9.358    9.650    9.727   10.094   10.283   10.385
   10.415   10.584   10.857   10.876   10.925   11.211   11.336   11.404   11.869   11.990
            0.140625  0.000000  0.000000
  -65.228  -65.223  -33.946  -33.869  -33.834  -33.804  -33.772  -33.765  -16.064  -15.014
  -14.702  -14.560   -7.869   -7.266   -6.365   -6.048   -5.889   -5.677   -5.544   -4.497
   -4.346   -4.019   -3.659   -3.431   -1.938   -1.155   -1.000   -0.308    0.804    0.921
    2.106    2.264    2.467    2.826    2.958    2.968    3.248    3.389    3.578    3.620
    3.882    3.902    4.970    5.347    5.386    5.529    6.041    6.107    6.350    6.669
    6.679    6.772    6.995    7.061    7.077    7.317    7.787    8.111    8.203    8.479
    8.697    8.858    9.003    9.209    9.293    9.693    9.721   10.096   10.247   10.341
   10.414   10.527   10.866   10.872   10.931   11.210   11.396   11.398   11.913   12.006
            0.156250  0.000000  0.000000
  -65.228  -65.223  -33.944  -33.869  -33.835  -33.804  -33.774  -33.765  -16.051  -15.019
  -14.703  -14.573   -7.835   -7.252   -6.380   -6.074   -5.882   -5.674   -5.550   -4.481
   -4.347   -3.995   -3.736   -3.461   -1.930   -1.156   -0.961   -0.282    0.786    0.916
    2.057    2.299    2.460    2.852    2.953    2.966    3.267    3.458    3.519    3.647
    3.903    3.929    4.985    5.298    5.366    5.523    5.945    6.083    6.325    6.676
    6.705    6.723    6.946    7.095    7.124    7.338    7.864    8.103    8.266    8.478
    8.774    8.837    9.104    9.186    9.228    9.666    9.785   10.075   10.216   10.298
   10.420   10.470   10.869   10.882   10.932   11.217   11.373   11.459   11.955   12.014
            0.171875  0.000000  0.000000
  -65.228  -65.223  -33.942  -33.868  -33.835  -33.803  -33.777  -33.766  -16.036  -15.024
  -14.705  -14.587   -7.797   -7.236   -6.394   -6.102   -5.875   -5.670   -5.559   -4.462
   -4.348   -3.971   -3.816   -3.493   -1.922   -1.159   -0.920   -0.254    0.767    0.908
    2.008    2.339    2.453    2.881    2.936    2.978    3.289    3.429    3.528    3.706
    3.926    3.960    5.002    5.212    5.386    5.493    5.850    6.076    6.300    6.641
    6.683    6.772    6.872    7.162    7.175    7.363    7.926    8.035    8.380    8.481
    8.809    8.869    9.159    9.160    9.211    9.649    9.830   10.051   10.191   10.255
   10.415   10.421   10.887   10.890   10.926   11.232   11.334   11.520   11.993   12.012
            0.187500  0.000000  0.000000
  -65.228  -65.223  -33.939  -33.868  -33.836  -33.803  -33.779  -33.767  -16.020  -15.031
  -14.706  -14.602   -7.757   -7.218   -6.407   -6.130   -5.867   -5.666   -5.571   -4.440
   -4.348   -3.953   -3.893   -3.527   -1.914   -1.164   -0.876   -0.224    0.747    0.900
    1.961    2.383    2.446    2.911    2.919    2.992    3.312    3.340    3.597    3.768
    3.951    3.994    5.020    5.126    5.408    5.444    5.755    6.074    6.275    6.584
    6.690    6.800    6.824    7.229    7.230    7.389    7.935    7.997    8.437    8.555
    8.774    8.969    9.098    9.130    9.316    9.640    9.837   10.050   10.170   10.212
   10.362   10.411   10.885   10.915   10.927   11.258   11.281   11.582   12.000   12.024
            0.203125  0.000000  0.000000
  -65.228  -65.223  -33.937  -33.867  -33.836  -33.802  -33.782  -33.767  -16.003  -15.040
  -14.707  -14.616   -7.714   -7.200   -6.421   -6.159   -5.858   -5.663   -5.585   -4.415
   -4.348   -3.999   -3.908   -3.561   -1.904   -1.172   -0.830   -0.192    0.725    0.889
    1.915    2.430    2.439    2.900    2.944    3.007    3.256    3.338    3.665    3.831
    3.978    4.032    5.040    5.041    5.382    5.430    5.662    6.065    6.251    6.537
    6.697    6.739    6.880    7.287    7.296    7.417    7.871    8.006    8.464    8.681
    8.732    9.025    9.085    9.102    9.416    9.639    9.808   10.077   10.153   10.170
   10.309   10.394   10.877   10.897   10.975   11.215   11.297   11.643   11.977   12.044
            0.218750  0.000000  0.000000
  -65.228  -65.223  -33.934  -33.866  -33.837  -33.802  -33.785  -33.768  -15.984  -15.049
  -14.709  -14.630   -7.668   -7.180   -6.433   -6.188   -5.849   -5.659   -5.603   -4.387
   -4.348   -4.086   -3.887   -3.597   -1.894   -1.182   -0.783   -0.160    0.701    0.877
    1.871    2.432    2.479    2.881    2.978    3.011    3.188    3.366    3.732    3.894
    4.007    4.075    4.957    5.061    5.312    5.452    5.570    6.040    6.228    6.491
    6.698    6.703    6.939    7.348    7.359    7.448    7.800    7.997    8.504    8.683
    8.813    8.974    9.075    9.184    9.502    9.644    9.769   10.118   10.129   10.139
   10.258   10.376   10.860   10.874   11.030   11.139   11.350   11.705   11.945   12.052
            0.234375  0.000000  0.000000
  -65.228  -65.223  -33.931  -33.866  -33.837  -33.801  -33.788  -33.769  -15.965  -15.060
  -14.710  -14.644   -7.620   -7.159   -6.444   -6.218   -5.839   -5.655   -5.622   -4.357
   -4.347   -4.178   -3.863   -3.633   -1.883   -1.194   -0.734   -0.126    0.677    0.864
    1.831    2.426    2.530    2.860    2.981    3.014    3.159    3.395    3.798    3.958
    4.037    4.122    4.875    5.083    5.238    5.473    5.480    5.997    6.207    6.437
    6.685    6.710    7.001    7.412    7.418    7.480    7.732    7.970    8.555    8.628
    8.899    8.970    9.051    9.286    9.552    9.654    9.752   10.089   10.128   10.163
   10.209   10.363   10.837   10.845   11.054   11.092   11.417   11.766   11.908   12.046
            0.250000  0.000000  0.000000
  -65.228  -65.223  -33.928  -33.865  -33.838  -33.800  -33.791  -33.769  -15.944  -15.073
  -14.712  -14.658   -7.571   -7.137   -6.454   -6.248   -5.829   -5.652   -5.644   -4.346
   -4.325   -4.271   -3.840   -3.669   -1.871   -1.208   -0.685   -0.092    0.651    0.849
    1.793    2.420    2.583    2.838    2.916    3.052    3.171    3.427    3.861    4.023
    4.069    4.173    4.794    5.107    5.162    5.392    5.494    5.942    6.190    6.373
    6.693    6.716    7.067    7.469    7.478    7.513    7.670    7.930    8.571    8.607
    8.857    9.029    9.097    9.382    9.546    9.666    9.780   10.049   10.118   10.161
   10.216   10.359   10.807   10.810   10.964   11.160   11.490   11.824   11.869   12.031
            0.265625  0.000000  0.000000
  -65.228  -65.223  -33.924  -33.865  -33.839  -33.799  -33.795  -33.770  -15.922  -15.088
  -14.714  -14.670   -7.519   -7.114   -6.463   -6.277   -5.819   -5.667   -5.649   -4.366
   -4.344   -4.291   -3.817   -3.706   -1.858   -1.224   -0.635   -0.057    0.624    0.832
    1.759    2.415    2.638    2.816    2.836    3.091    3.202    3.461    3.922    4.087
    4.103    4.227    4.714    5.085    5.132    5.306    5.513    5.878    6.178    6.302
    6.712    6.723    7.135    7.506    7.546    7.549    7.623    7.883    8.512    8.652
    8.815    9.010    9.230    9.444    9.542    9.680    9.823   10.010   10.109   10.114
   10.278   10.374   10.771   10.771   10.870   11.235   11.563   11.833   11.875   12.015
            0.281250  0.000000  0.000000
  -65.228  -65.224  -33.921  -33.864  -33.839  -33.799  -33.799  -33.771  -15.899  -15.105
  -14.716  -14.682   -7.466   -7.090   -6.470   -6.306   -5.808   -5.692   -5.646   -4.462
   -4.341   -4.255   -3.797   -3.743   -1.845   -1.241   -0.584   -0.022    0.596    0.814
    1.729    2.411    2.694    2.752    2.794    3.131    3.241    3.496    3.981    4.137
    4.150    4.283    4.636    5.009    5.157    5.221    5.531    5.808    6.172    6.229
    6.729    6.730    7.206    7.503    7.585    7.615    7.615    7.834    8.454    8.673
    8.791    8.992    9.336    9.443    9.616    9.694    9.858    9.972   10.068   10.099
   10.349   10.415   10.727   10.732   10.775   11.312   11.623   11.814   11.896   12.023
            0.296875  0.000000  0.000000
  -65.227  -65.224  -33.917  -33.863  -33.840  -33.802  -33.798  -33.772  -15.874  -15.123
  -14.718  -14.692   -7.413   -7.065   -6.476   -6.335   -5.798   -5.717   -5.643   -4.559
   -4.338   -4.219   -3.779   -3.778   -1.831   -1.260   -0.532    0.014    0.568    0.795
    1.702    2.408    2.668    2.751    2.771    3.173    3.285    3.534    4.039    4.172
    4.213    4.341    4.559    4.933    5.138    5.183    5.547    5.736    6.155    6.173
    6.735    6.741    7.279    7.469    7.622    7.633    7.685    7.792    8.399    8.658
    8.796    8.977    9.325    9.532    9.707    9.713    9.881    9.935   10.023   10.086
   10.421   10.492   10.679   10.680   10.692   11.383   11.652   11.832   11.878   12.065
            0.312500  0.000000  0.000000
  -65.227  -65.224  -33.913  -33.862  -33.841  -33.806  -33.797  -33.773  -15.849  -15.144
  -14.719  -14.702   -7.359   -7.040   -6.480   -6.362   -5.787   -5.742   -5.641   -4.655
   -4.333   -4.181   -3.815   -3.762   -1.816   -1.280   -0.481    0.049    0.538    0.774
    1.680    2.406    2.585    2.747    2.809    3.216    3.331    3.574    4.095    4.208
    4.275    4.398    4.484    4.858    5.057    5.209    5.562    5.662    6.081    6.182
    6.741    6.741    7.355    7.430    7.636    7.660    7.755    7.773    8.347    8.622
    8.816    8.962    9.269    9.645    9.717    9.817    9.899    9.906    9.979   10.069
   10.499   10.588   10.592   10.628   10.655   11.434   11.661   11.842   11.887   12.124
            0.328125  0.000000  0.000000
  -65.227  -65.224  -33.909  -33.862  -33.842  -33.810  -33.796  -33.773  -15.823  -15.166
  -14.721  -14.710   -7.304   -7.014   -6.483   -6.389   -5.776   -5.766   -5.639   -4.751
   -4.328   -4.143   -3.851   -3.748   -1.800   -1.301   -0.430    0.085    0.507    0.752
    1.662    2.405    2.503    2.723    2.868    3.261    3.379    3.615    4.151    4.243
    4.335    4.411    4.454    4.786    4.978    5.233    5.577    5.587    6.007    6.199
    6.726    6.748    7.392    7.431    7.605    7.699    7.793    7.825    8.301    8.578
    8.837    8.950    9.209    9.721    9.725    9.863    9.926    9.934    9.964   10.047
   10.500   10.575   10.590   10.625   10.705   11.447   11.684   11.801   11.963   12.187
            0.343750  0.000000  0.000000
  -65.227  -65.224  -33.905  -33.861  -33.842  -33.814  -33.795  -33.774  -15.796  -15.191
  -14.723  -14.717   -7.251   -6.989   -6.485   -6.414   -5.788   -5.765   -5.638   -4.847
   -4.321   -4.105   -3.886   -3.737   -1.783   -1.324   -0.378    0.120    0.475    0.729
    1.649    2.405    2.424    2.700    2.927    3.306    3.427    3.659    4.207    4.279
    4.337    4.396    4.506    4.716    4.901    5.255    5.513    5.594    5.935    6.225
    6.697    6.755    7.352    7.509    7.557    7.737    7.834    7.893    8.261    8.531
    8.856    8.938    9.149    9.717    9.756    9.828    9.888   10.019   10.040   10.070
   10.418   10.520   10.605   10.690   10.824   11.426   11.724   11.756   12.052   12.251
            0.359375  0.000000  0.000000
  -65.227  -65.224  -33.901  -33.860  -33.843  -33.819  -33.794  -33.775  -15.768  -15.216
  -14.725  -14.723   -7.199   -6.963   -6.485   -6.438   -5.807   -5.754   -5.638   -4.941
   -4.313   -4.068   -3.920   -3.728   -1.766   -1.347   -0.327    0.156    0.442    0.705
    1.641    2.346    2.407    2.676    2.987    3.353    3.474    3.704    4.263    4.268
    4.312    4.451    4.555    4.649    4.826    5.273    5.439    5.616    5.864    6.259
    6.657    6.762    7.310    7.504    7.588    7.774    7.885    7.959    8.230    8.483
    8.873    8.928    9.091    9.699    9.762    9.793    9.841    9.991   10.160   10.203
   10.344   10.465   10.597   10.797   10.947   11.390   11.710   11.768   12.155   12.313
            0.375000  0.000000  0.000000
  -65.227  -65.224  -33.897  -33.859  -33.844  -33.823  -33.793  -33.776  -15.739  -15.243
  -14.727  -14.727   -7.148   -6.939   -6.485   -6.460   -5.822   -5.743   -5.638   -5.034
   -4.304   -4.031   -3.953   -3.723   -1.747   -1.371   -0.277    0.191    0.408    0.680
    1.638    2.272    2.410    2.653    3.047    3.401    3.518    3.751    4.202    4.319
    4.343    4.502    4.586    4.599    4.755    5.287    5.366    5.644    5.795    6.300
    6.608    6.771    7.263    7.448    7.667    7.809    7.941    8.021    8.207    8.435
    8.889    8.919    9.036    9.664    9.759    9.762    9.792    9.966   10.280   10.285
   10.348   10.411   10.600   10.903   11.072   11.349   11.662   11.811   12.269   12.372
            0.390625  0.000000  0.000000
  -65.227  -65.225  -33.893  -33.858  -33.845  -33.827  -33.792  -33.777  -15.710  -15.272
  -14.731  -14.729   -7.100   -6.916   -6.485   -6.480   -5.832   -5.732   -5.639   -5.125
   -4.293   -3.995   -3.986   -3.720   -1.728   -1.395   -0.227    0.225    0.373    0.655
    1.641    2.200    2.415    2.630    3.107    3.449    3.557    3.800    4.138    4.368
    4.377    4.527    4.546    4.639    4.690    5.294    5.296    5.681    5.728    6.349
    6.552    6.782    7.212    7.390    7.745    7.842    7.999    8.078    8.195    8.389
    8.899    8.910    8.989    9.611    9.725    9.742    9.763    9.948   10.226   10.359
   10.412   10.497   10.613   11.004   11.193   11.318   11.613   11.858   12.394   12.416
            0.406250  0.000000  0.000000
  -65.227  -65.225  -33.888  -33.858  -33.846  -33.832  -33.791  -33.778  -15.680  -15.301
  -14.734  -14.731   -7.055   -6.896   -6.497   -6.485   -5.835   -5.722   -5.641   -5.214
   -4.281   -4.017   -3.960   -3.721   -1.708   -1.420   -0.178    0.260    0.336    0.628
    1.648    2.132    2.421    2.607    3.166    3.498    3.588    3.850    4.078    4.391
    4.433    4.475    4.560    4.653    4.674    5.223    5.302    5.664    5.724    6.403
    6.491    6.795    7.157    7.330    7.823    7.871    8.053    8.128    8.193    8.348
    8.892    8.903    8.962    9.543    9.692    9.693    9.767    9.934   10.182   10.309
   10.542   10.635   10.648   11.083   11.258   11.364   11.562   11.913   12.410   12.525
            0.421875  0.000000  0.000000
  -65.226  -65.225  -33.884  -33.857  -33.847  -33.836  -33.790  -33.779  -15.649  -15.331
  -14.736  -14.732   -7.013   -6.879   -6.511   -6.487   -5.830   -5.712   -5.644   -5.300
   -4.268   -4.047   -3.926   -3.725   -1.687   -1.445   -0.130    0.293    0.299    0.601
    1.661    2.067    2.429    2.585    3.225    3.548    3.608    3.902    4.022    4.406
    4.428    4.490    4.521    4.668    4.706    5.153    5.307    5.603    5.775    6.427
    6.462    6.812    7.101    7.268    7.897    7.898    8.093    8.170    8.201    8.321
    8.865    8.895    8.963    9.466    9.648    9.659    9.775    9.924   10.150   10.263
   10.664   10.671   10.798   11.109   11.293   11.491   11.511   11.981   12.321   12.552
            0.437500  0.000000  0.000000
  -65.226  -65.225  -33.879  -33.856  -33.848  -33.841  -33.789  -33.780  -15.618  -15.362
  -14.738  -14.734   -6.976   -6.866   -6.521   -6.490   -5.815   -5.702   -5.647   -5.382
   -4.253   -4.076   -3.895   -3.732   -1.665   -1.471   -0.082    0.261    0.327    0.573
    1.679    2.006    2.438    2.564    3.284    3.598    3.614    3.956    3.971    4.387
    4.413    4.467    4.547    4.698    4.736    5.085    5.313    5.546    5.830    6.360
    6.525    6.832    7.042    7.205    7.922    7.969    8.109    8.200    8.218    8.315
    8.837    8.888    8.974    9.383    9.607    9.628    9.788    9.914   10.126   10.221
   10.698   10.796   10.940   11.097   11.364   11.459   11.632   12.062   12.187   12.403
            0.453125  0.000000  0.000000
  -65.226  -65.225  -33.875  -33.855  -33.848  -33.845  -33.788  -33.782  -15.587  -15.394
  -14.738  -14.735   -6.943   -6.858   -6.527   -6.495   -5.791   -5.693   -5.651   -5.460
   -4.236   -4.103   -3.865   -3.742   -1.643   -1.496   -0.036    0.222    0.360    0.544
    1.703    1.949    2.449    2.544    3.342    3.605    3.648    3.924    4.011    4.347
    4.413    4.422    4.604    4.724    4.762    5.019    5.321    5.494    5.890    6.292
    6.591    6.858    6.983    7.141    7.944    8.035    8.099    8.218    8.242    8.325
    8.819    8.879    8.990    9.300    9.575    9.599    9.804    9.904   10.112   10.186
   10.736   10.907   11.013   11.144   11.405   11.452   11.778   12.038   12.156   12.246
            0.468750  0.000000  0.000000
  -65.226  -65.225  -33.870  -33.855  -33.849  -33.849  -33.787  -33.783  -15.555  -15.426
  -14.739  -14.737   -6.914   -6.857   -6.528   -6.503   -5.757   -5.684   -5.656   -5.533
   -4.218   -4.129   -3.838   -3.755   -1.619   -1.521    0.010    0.182    0.392    0.515
    1.731    1.896    2.462    2.525    3.398    3.582    3.697    3.880    4.067    4.298
    4.397    4.408    4.659    4.743    4.787    4.956    5.333    5.447    5.954    6.223
    6.659    6.889    6.922    7.080    7.968    8.075    8.094    8.221    8.270    8.335
    8.815    8.869    9.013    9.220    9.554    9.574    9.822    9.891   10.106   10.156
   10.778   10.946   11.053   11.280   11.348   11.552   11.885   11.928   12.090   12.261
            0.484375  0.000000  0.000000
  -65.226  -65.225  -33.866  -33.857  -33.851  -33.850  -33.786  -33.784  -15.522  -15.458
  -14.739  -14.738   -6.891   -6.862   -6.524   -6.511   -5.713   -5.676   -5.662   -5.600
   -4.198   -4.154   -3.813   -3.772   -1.596   -1.546    0.055    0.141    0.424    0.485
    1.765    1.848    2.476    2.507    3.452    3.546    3.745    3.836    4.125    4.242
    4.390    4.400    4.707    4.749    4.813    4.897    5.350    5.407    6.019    6.155
    6.727    6.859    6.927    7.023    7.992    8.047    8.145    8.210    8.297    8.334
    8.824    8.856    9.044    9.149    9.544    9.556    9.841    9.876   10.108   10.133
   10.822   10.912   11.138   11.286   11.428   11.667   11.731   11.939   12.081   12.374
            0.500000  0.000000  0.000000
  -65.226  -65.226  -33.861  -33.861  -33.851  -33.851  -33.785  -33.785  -15.490  -15.490
  -14.738  -14.738   -6.874   -6.874   -6.518   -6.518   -5.669   -5.669   -5.660   -5.660
   -4.177   -4.177   -3.791   -3.791   -1.571   -1.571    0.098    0.098    0.455    0.455
    1.804    1.804    2.491    2.491    3.502    3.502    3.791    3.791    4.183    4.183
    4.393    4.393    4.739    4.739    4.848    4.848    5.375    5.375    6.086    6.086
    6.794    6.794    6.971    6.971    8.019    8.019    8.184    8.184    8.320    8.320
    8.840    8.840    9.089    9.089    9.545    9.545    9.859    9.859   10.117   10.117
   10.868   10.868   11.217   11.217   11.579   11.579   11.797   11.797   12.237   12.237
            0.500000  0.027063  0.000000
  -65.226  -65.226  -33.861  -33.861  -33.851  -33.851  -33.785  -33.785  -15.488  -15.488
  -14.739  -14.739   -6.871   -6.871   -6.519   -6.519   -5.705   -5.705   -5.625   -5.625
   -4.188   -4.188   -3.790   -3.790   -1.560   -1.560    0.080    0.080    0.469    0.469
    1.807    1.807    2.477    2.477    3.509    3.509    3.797    3.797    4.187    4.187
    4.406    4.406    4.744    4.744    4.851    4.851    5.378    5.378    6.090    6.090
    6.789    6.789    6.972    6.972    7.998    7.998    8.153    8.153    8.359    8.359
    8.838    8.838    9.049    9.049    9.581    9.581    9.866    9.866   10.130   10.130
   10.875   10.875   11.218   11.218   11.582   11.582   11.800   11.800   12.237   12.237
            0.500000  0.054127  0.000000
  -65.226  -65.226  -33.861  -33.861  -33.851  -33.851  -33.785  -33.785  -15.483  -15.483
  -14.739  -14.739   -6.865   -6.865   -6.522   -6.522   -5.746   -5.746   -5.586   -5.586
   -4.220   -4.220   -3.789   -3.789   -1.526   -1.526    0.032    0.032    0.507    0.507
    1.816    1.816    2.440    2.440    3.529    3.529    3.811    3.811    4.198    4.198
    4.445    4.445    4.758    4.758    4.861    4.861    5.385    5.385    6.099    6.099
    6.771    6.771    6.974    6.974    7.947    7.947    8.093    8.093    8.432    8.432
    8.833    8.833    8.966    8.966    9.648    9.648    9.889    9.889   10.174   10.174
   10.896   10.896   11.220   11.220   11.590   11.590   11.808   11.808   12.238   12.238
            0.500000  0.081190  0.000000
  -65.226  -65.226  -33.862  -33.862  -33.851  -33.851  -33.786  -33.786  -15.475  -15.475
  -14.740  -14.740   -6.854   -6.854   -6.527   -6.527   -5.786   -5.786   -5.548   -5.548
   -4.272   -4.272   -3.787   -3.787   -1.473   -1.473   -0.033   -0.033    0.555    0.555
    1.831    1.831    2.388    2.388    3.557    3.557    3.834    3.834    4.215    4.215
    4.508    4.508    4.783    4.783    4.876    4.876    5.397    5.397    6.114    6.114
    6.738    6.738    6.979    6.979    7.887    7.887    8.013    8.013    8.506    8.506
    8.827    8.827    8.885    8.885    9.696    9.696    9.931    9.931   10.254   10.254
   10.930   10.930   11.224   11.224   11.604   11.604   11.823   11.823   12.240   12.240
            0.500000  0.108253  0.000000
  -65.225  -65.225  -33.862  -33.862  -33.850  -33.850  -33.788  -33.788  -15.463  -15.463
  -14.741  -14.741   -6.839   -6.839   -6.534   -6.534   -5.825   -5.825   -5.513   -5.513
   -4.339   -4.339   -3.784   -3.784   -1.403   -1.403   -0.109   -0.109    0.606    0.606
    1.847    1.847    2.329    2.329    3.590    3.590    3.864    3.864    4.237    4.237
    4.588    4.588    4.820    4.820    4.901    4.901    5.414    5.414    6.135    6.135
    6.685    6.685    6.990    6.990    7.831    7.831    7.912    7.912    8.568    8.568
    8.805    8.805    8.847    8.847    9.720    9.720    9.974    9.974   10.368   10.368
   10.974   10.974   11.228   11.228   11.623   11.623   11.843   11.843   12.237   12.237
            0.500000  0.135316  0.000000
  -65.225  -65.225  -33.863  -33.863  -33.850  -33.850  -33.789  -33.789  -15.448  -15.448
  -14.743  -14.743   -6.821   -6.821   -6.544   -6.544   -5.861   -5.861   -5.481   -5.481
   -4.417   -4.417   -3.782   -3.782   -1.320   -1.320   -0.190   -0.190    0.658    0.658
    1.863    1.863    2.274    2.274    3.625    3.625    3.899    3.899    4.264    4.264
    4.673    4.673    4.867    4.867    4.943    4.943    5.435    5.435    6.160    6.160
    6.611    6.611    7.006    7.006    7.762    7.762    7.821    7.821    8.603    8.603
    8.767    8.767    8.866    8.866    9.735    9.735   10.008   10.008   10.498   10.498
   11.026   11.026   11.234   11.234   11.647   11.647   11.867   11.867   12.225   12.225
            0.500000  0.162380  0.000000
  -65.225  -65.225  -33.864  -33.864  -33.850  -33.850  -33.791  -33.791  -15.430  -15.430
  -14.744  -14.744   -6.800   -6.800   -6.556   -6.556   -5.896   -5.896   -5.452   -5.452
   -4.501   -4.501   -3.782   -3.782   -1.227   -1.227   -0.274   -0.274    0.708    0.708
    1.871    1.871    2.236    2.236    3.663    3.663    3.939    3.939    4.297    4.297
    4.751    4.751    4.910    4.910    5.023    5.023    5.462    5.462    6.188    6.188
    6.520    6.520    7.028    7.028    7.638    7.638    7.791    7.791    8.604    8.604
    8.751    8.751    8.909    8.909    9.749    9.749   10.032   10.032   10.624   10.624
   11.085   11.085   11.243   11.243   11.676   11.676   11.895   11.895   12.189   12.189
            0.500000  0.189443  0.000000
  -65.225  -65.225  -33.866  -33.866  -33.850  -33.850  -33.793  -33.793  -15.410  -15.410
  -14.746  -14.746   -6.776   -6.776   -6.573   -6.573   -5.926   -5.926   -5.427   -5.427
   -4.587   -4.587   -3.785   -3.785   -1.128   -1.128   -0.359   -0.359    0.754    0.754
    1.865    1.865    2.222    2.222    3.703    3.703    3.982    3.982    4.334    4.334
    4.816    4.816    4.943    4.943    5.140    5.140    5.496    5.496    6.210    6.210
    6.424    6.424    7.056    7.056    7.504    7.504    7.789    7.789    8.579    8.579
    8.754    8.754    8.967    8.967    9.766    9.766   10.047   10.047   10.725   10.725
   11.149   11.149   11.261   11.261   11.709   11.709   11.919   11.919   12.120   12.120
            0.500000  0.216506  0.000000
  -65.225  -65.225  -33.868  -33.868  -33.849  -33.849  -33.794  -33.794  -15.386  -15.386
  -14.748  -14.748   -6.752   -6.752   -6.593   -6.593   -5.952   -5.952   -5.408   -5.408
   -4.669   -4.669   -3.790   -3.790   -1.027   -1.027   -0.442   -0.442    0.797    0.797
    1.847    1.847    2.235    2.235    3.746    3.746    4.028    4.028    4.376    4.376
    4.874    4.874    4.971    4.971    5.272    5.272    5.542    5.542    6.194    6.194
    6.358    6.358    7.088    7.088    7.377    7.377    7.804    7.804    8.542    8.542
    8.768    8.768    9.029    9.029    9.786    9.786   10.052   10.052   10.784   10.784
   11.218   11.218   11.293   11.293   11.744   11.744   11.912   11.912   12.064   12.064
            0.500000  0.243570  0.000000
  -65.225  -65.225  -33.870  -33.870  -33.849  -33.849  -33.796  -33.796  -15.360  -15.360
  -14.750  -14.750   -6.728   -6.728   -6.619   -6.619   -5.972   -5.972   -5.397   -5.397
   -4.743   -4.743   -3.800   -3.800   -0.930   -0.930   -0.519   -0.519    0.836    0.836
    1.823    1.823    2.270    2.270    3.793    3.793    4.078    4.078    4.424    4.424
    4.926    4.926    4.997    4.997    5.389    5.389    5.612    5.612    6.111    6.111
    6.362    6.362    7.125    7.125    7.266    7.266    7.832    7.832    8.500    8.500
    8.788    8.788    9.092    9.092    9.807    9.807   10.050   10.050   10.797   10.797
   11.286   11.286   11.341   11.341   11.766   11.766   11.856   11.856   12.075   12.075
            0.500000  0.270633  0.000000
  -65.225  -65.225  -33.873  -33.873  -33.848  -33.848  -33.798  -33.798  -15.333  -15.333
  -14.751  -14.751   -6.708   -6.708   -6.646   -6.646   -5.984   -5.984   -5.396   -5.396
   -4.804   -4.804   -3.815   -3.815   -0.852   -0.852   -0.574   -0.574    0.870    0.870
    1.802    1.802    2.320    2.320    3.843    3.843    4.131    4.131    4.477    4.477
    4.959    4.959    5.029    5.029    5.466    5.466    5.712    5.712    6.019    6.019
    6.396    6.396    7.152    7.152    7.194    7.194    7.869    7.869    8.457    8.457
    8.812    8.812    9.152    9.152    9.826    9.826   10.042   10.042   10.773   10.773
   11.350   11.350   11.393   11.393   11.722   11.722   11.850   11.850   12.061   12.061
            0.500000  0.297696  0.000000
  -65.225  -65.225  -33.876  -33.876  -33.847  -33.847  -33.800  -33.800  -15.303  -15.303
  -14.753  -14.753   -6.713   -6.713   -6.658   -6.658   -5.989   -5.989   -5.405   -5.405
   -4.848   -4.848   -3.835   -3.835   -0.833   -0.833   -0.571   -0.571    0.898    0.898
    1.790    1.790    2.378    2.378    3.896    3.896    4.185    4.185    4.535    4.535
    4.957    4.957    5.079    5.079    5.505    5.505    5.773    5.773    6.005    6.005
    6.437    6.437    7.114    7.114    7.221    7.222    7.912    7.912    8.414    8.414
    8.837    8.837    9.208    9.208    9.832    9.832   10.038   10.038   10.727   10.728
   11.401   11.401   11.423   11.423   11.652   11.652   11.785   11.785   11.921   11.921
            0.500000  0.324759  0.000000
  -65.225  -65.225  -33.879  -33.879  -33.846  -33.846  -33.802  -33.802  -15.272  -15.272
  -14.753  -14.753   -6.754   -6.754   -6.645   -6.645   -5.984   -5.984   -5.425   -5.425
   -4.873   -4.873   -3.861   -3.861   -0.879   -0.879   -0.502   -0.502    0.921    0.921
    1.791    1.791    2.444    2.444    3.951    3.951    4.241    4.241    4.598    4.598
    4.928    4.928    5.134    5.134    5.504    5.504    5.757    5.757    6.119    6.119
    6.480    6.480    7.094    7.094    7.271    7.271    7.956    7.956    8.371    8.371
    8.862    8.862    9.259    9.259    9.816    9.816   10.051   10.051   10.674   10.674
   11.370   11.370   11.426   11.426   11.547   11.547   11.663   11.663   11.830   11.830
            0.500000  0.351823  0.000000
  -65.224  -65.224  -33.884  -33.884  -33.845  -33.845  -33.803  -33.803  -15.240  -15.240
  -14.753  -14.753   -6.811   -6.811   -6.627   -6.627   -5.970   -5.970   -5.453   -5.452
   -4.882   -4.882   -3.893   -3.893   -0.951   -0.951   -0.407   -0.407    0.938    0.938
    1.806    1.806    2.513    2.513    4.006    4.006    4.294    4.294    4.666    4.666
    4.877    4.877    5.181    5.181    5.460    5.460    5.765    5.765    6.270    6.270
    6.526    6.526    7.108    7.108    7.327    7.327    7.997    7.997    8.332    8.332
    8.883    8.883    9.305    9.305    9.779    9.779   10.082   10.082   10.623   10.623
   11.236   11.236   11.245   11.245   11.511   11.511   11.639   11.639   11.682   11.682
            0.500000  0.378886  0.000000
  -65.224  -65.224  -33.888  -33.888  -33.844  -33.844  -33.804  -33.804  -15.209  -15.209
  -14.752  -14.752   -6.877   -6.877   -6.611   -6.611   -5.946   -5.946   -5.483   -5.483
   -4.877   -4.877   -3.930   -3.930   -1.030   -1.030   -0.305   -0.305    0.951    0.951
    1.835    1.835    2.585    2.585    4.058    4.058    4.340    4.340    4.738    4.738
    4.819    4.819    5.187    5.187    5.430    5.430    5.807    5.807    6.422    6.422
    6.577    6.577    7.153    7.153    7.388    7.388    8.025    8.025    8.298    8.298
    8.898    8.898    9.344    9.344    9.734    9.734   10.123   10.123   10.582   10.582
   10.996   10.996   11.061   11.061   11.391   11.391   11.589   11.589   11.696   11.696
            0.500000  0.405949  0.000000
  -65.224  -65.224  -33.893  -33.893  -33.843  -33.843  -33.805  -33.805  -15.177  -15.177
  -14.749  -14.749   -6.951   -6.951   -6.596   -6.596   -5.915   -5.915   -5.514   -5.514
   -4.862   -4.862   -3.973   -3.973   -1.110   -1.110   -0.202   -0.202    0.959    0.959
    1.879    1.879    2.660    2.660    4.095    4.095    4.376    4.376    4.770    4.770
    4.814    4.814    5.129    5.129    5.459    5.459    5.868    5.868    6.564    6.564
    6.632    6.632    7.222    7.222    7.454    7.454    8.031    8.031    8.275    8.275
    8.906    8.906    9.376    9.376    9.695    9.695   10.162   10.162   10.553   10.553
   10.754   10.754   10.862   10.862   11.214   11.214   11.499   11.499   11.667   11.667
            0.500000  0.433013  0.000000
  -65.224  -65.224  -33.898  -33.898  -33.842  -33.842  -33.806  -33.806  -15.147  -15.147
  -14.744  -14.744   -7.032   -7.032   -6.583   -6.583   -5.878   -5.878   -5.541   -5.541
   -4.840   -4.840   -4.020   -4.020   -1.190   -1.190   -0.100   -0.100    0.964    0.964
    1.935    1.935    2.736    2.736    4.096    4.096    4.406    4.406    4.746    4.746
    4.885    4.885    5.056    5.056    5.526    5.526    5.940    5.940    6.685    6.685
    6.696    6.696    7.308    7.308    7.522    7.522    8.012    8.012    8.266    8.266
    8.905    8.905    9.403    9.403    9.671    9.671   10.180   10.180   10.489   10.489
   10.557   10.557   10.694   10.694   11.026   11.026   11.328   11.328   11.658   11.658
            0.500000  0.460076  0.000000
  -65.224  -65.224  -33.903  -33.903  -33.841  -33.841  -33.806  -33.806  -15.119  -15.119
  -14.736  -14.736   -7.118   -7.118   -6.569   -6.569   -5.836   -5.836   -5.565   -5.565
   -4.813   -4.813   -4.071   -4.071   -1.269   -1.269    0.001    0.001    0.966    0.966
    2.001    2.001    2.814    2.814    4.047    4.047    4.448    4.448    4.720    4.720
    4.925    4.925    5.046    5.046    5.607    5.607    6.019    6.019    6.742    6.742
    6.803    6.803    7.405    7.405    7.590    7.590    7.976    7.976    8.264    8.264
    8.893    8.893    9.425    9.425    9.663    9.663   10.139   10.139   10.275   10.275
   10.480   10.480   10.650   10.650   10.837   10.837   11.139   11.139   11.638   11.638
            0.500000  0.487139  0.000000
  -65.224  -65.224  -33.908  -33.908  -33.840  -33.840  -33.807  -33.807  -15.093  -15.093
  -14.726  -14.726   -7.207   -7.207   -6.555   -6.555   -5.792   -5.792   -5.584   -5.584
   -4.782   -4.782   -4.124   -4.124   -1.346   -1.346    0.100    0.100    0.966    0.966
    2.077    2.077    2.893    2.893    3.957    3.957    4.498    4.498    4.661    4.661
    4.958    4.958    5.118    5.118    5.696    5.696    6.104    6.104    6.785    6.785
    6.896    6.896    7.501    7.501    7.651    7.651    7.941    7.941    8.267    8.267
    8.871    8.871    9.445    9.445    9.666    9.666    9.989    9.989   10.089   10.089
   10.440   10.440   10.640   10.640   10.701   10.701   10.958   10.958   11.586   11.586
            0.500000  0.514203  0.000000
  -65.224  -65.224  -33.914  -33.914  -33.839  -33.839  -33.807  -33.807  -15.070  -15.070
  -14.712  -14.712   -7.297   -7.297   -6.540   -6.540   -5.750   -5.750   -5.598   -5.597
   -4.748   -4.748   -4.178   -4.178   -1.421   -1.421    0.196    0.196    0.964    0.964
    2.160    2.160    2.974    2.974    3.846    3.846    4.481    4.481    4.651    4.651
    5.022    5.022    5.213    5.213    5.789    5.789    6.193    6.193    6.809    6.809
    6.976    6.976    7.571    7.571    7.701    7.701    7.931    7.931    8.281    8.281
    8.836    8.836    9.456    9.456    9.648    9.648    9.792    9.792    9.951    9.951
   10.436   10.436   10.485   10.485   10.691   10.691   10.862   10.862   11.486   11.486
            0.500000  0.541266  0.000000
  -65.223  -65.223  -33.919  -33.919  -33.839  -33.839  -33.807  -33.807  -15.051  -15.051
  -14.696  -14.696   -7.387   -7.387   -6.523   -6.523   -5.712   -5.712   -5.605   -5.605
   -4.712   -4.712   -4.231   -4.231   -1.492   -1.492    0.288    0.288    0.962    0.962
    2.247    2.247    3.057    3.057    3.729    3.729    4.376    4.376    4.724    4.724
    5.104    5.104    5.317    5.317    5.883    5.883    6.285    6.285    6.809    6.809
    7.044    7.044    7.574    7.574    7.759    7.759    7.957    7.957    8.313    8.313
    8.792    8.792    9.404    9.404    9.561    9.561    9.658    9.658    9.876    9.876
   10.331   10.331   10.431   10.431   10.614   10.614   10.917   10.917   11.355   11.355
            0.500000  0.568329  0.000000
  -65.223  -65.223  -33.924  -33.924  -33.838  -33.838  -33.807  -33.807  -15.036  -15.036
  -14.677  -14.677   -7.475   -7.475   -6.505   -6.505   -5.684   -5.684   -5.602   -5.602
   -4.674   -4.674   -4.283   -4.283   -1.560   -1.560    0.377    0.377    0.959    0.959
    2.337    2.337    3.143    3.143    3.613    3.613    4.255    4.255    4.820    4.820
    5.196    5.196    5.428    5.428    5.974    5.974    6.375    6.375    6.789    6.789
    7.100    7.100    7.521    7.521    7.825    7.825    8.000    8.000    8.364    8.364
    8.752    8.752    9.231    9.231    9.428    9.428    9.626    9.626    9.838    9.838
   10.224   10.224   10.351   10.351   10.622   10.622   11.000   11.000   11.224   11.224
            0.500000  0.595392  0.000000
  -65.223  -65.223  -33.929  -33.929  -33.837  -33.837  -33.807  -33.807  -15.024  -15.024
  -14.655  -14.655   -7.560   -7.560   -6.484   -6.484   -5.670   -5.670   -5.587   -5.587
   -4.636   -4.636   -4.331   -4.331   -1.625   -1.625    0.460    0.460    0.956    0.956
    2.427    2.427    3.233    3.233    3.503    3.503    4.131    4.131    4.925    4.925
    5.293    5.293    5.545    5.545    6.057    6.057    6.458    6.458    6.767    6.767
    7.141    7.141    7.442    7.442    7.891    7.891    8.035    8.035    8.415    8.415
    8.741    8.741    9.022    9.022    9.274    9.274    9.594    9.594    9.808    9.808
   10.129   10.129   10.321   10.321   10.656   10.656   11.059   11.059   11.133   11.133
            0.500000  0.622456  0.000000
  -65.223  -65.223  -33.933  -33.933  -33.836  -33.836  -33.807  -33.807  -15.015  -15.015
  -14.632  -14.632   -7.641   -7.641   -6.461   -6.461   -5.667   -5.667   -5.567   -5.567
   -4.598   -4.598   -4.374   -4.374   -1.685   -1.685    0.539    0.539    0.952    0.952
    2.514    2.514    3.324    3.324    3.406    3.406    4.008    4.008    5.036    5.036
    5.389    5.389    5.667    5.667    6.117    6.117    6.525    6.525    6.774    6.774
    7.165    7.165    7.349    7.349    7.958    7.958    8.039    8.039    8.443    8.443
    8.763    8.763    8.836    8.836    9.119    9.119    9.491    9.491    9.801    9.801
   10.056   10.056   10.352   10.352   10.665   10.665   11.033   11.033   11.135   11.135
            0.500000  0.649519  0.000000
  -65.223  -65.223  -33.938  -33.938  -33.835  -33.835  -33.807  -33.807  -15.009  -15.009
  -14.609  -14.609   -7.715   -7.715   -6.437   -6.437   -5.668   -5.668   -5.550   -5.549
   -4.563   -4.563   -4.409   -4.408   -1.741   -1.741    0.611    0.611    0.948    0.948
    2.597    2.597    3.309    3.309    3.431    3.431    3.891    3.891    5.153    5.153
    5.476    5.476    5.795    5.795    6.140    6.140    6.583    6.583    6.827    6.827
    7.171    7.171    7.247    7.247    7.982    7.982    8.049    8.049    8.454    8.454
    8.592    8.592    8.881    8.881    8.989    8.989    9.345    9.345    9.777    9.777
   10.044   10.044   10.386   10.386   10.653   10.653   10.984   10.984   11.146   11.146
            0.500000  0.676582  0.000000
  -65.223  -65.223  -33.942  -33.942  -33.835  -33.835  -33.807  -33.807  -15.005  -15.005
  -14.586  -14.586   -7.784   -7.784   -6.412   -6.412   -5.670   -5.670   -5.537   -5.537
   -4.535   -4.535   -4.431   -4.431   -1.791   -1.791    0.676    0.676    0.944    0.944
    2.674    2.674    3.236    3.236    3.528    3.528    3.783    3.783    5.274    5.274
    5.541    5.541    5.927    5.927    6.136    6.136    6.655    6.655    6.910    6.910
    7.138    7.138    7.169    7.169    7.902    7.902    8.125    8.125    8.360    8.360
    8.504    8.504    8.801    8.801    9.046    9.046    9.189    9.189    9.725    9.725
   10.074   10.074   10.385   10.385   10.666   10.666   10.914   10.914   11.173   11.173
            0.500000  0.703646  0.000000
  -65.223  -65.223  -33.945  -33.945  -33.834  -33.834  -33.807  -33.807  -15.002  -15.002
  -14.564  -14.564   -7.845   -7.845   -6.386   -6.386   -5.673   -5.673   -5.531   -5.531
   -4.522   -4.522   -4.433   -4.433   -1.836   -1.836    0.733    0.733    0.940    0.940
    2.743    2.743    3.177    3.177    3.592    3.592    3.721    3.721    5.399    5.399
    5.561    5.561    6.062    6.062    6.146    6.146    6.737    6.737    6.982    6.982
    7.049    7.049    7.165    7.165    7.792    7.792    8.134    8.134    8.240    8.240
    8.501    8.501    8.694    8.694    9.017    9.017    9.187    9.187    9.658    9.658
   10.098   10.098   10.367   10.367   10.690   10.690   10.880   10.880   11.194   11.194
            0.500000  0.730709  0.000000
  -65.223  -65.223  -33.948  -33.948  -33.834  -33.834  -33.807  -33.807  -15.000  -15.000
  -14.545  -14.545   -7.897   -7.897   -6.360   -6.360   -5.677   -5.677   -5.531   -5.531
   -4.525   -4.525   -4.416   -4.416   -1.876   -1.876    0.782    0.782    0.937    0.937
    2.805    2.805    3.133    3.133    3.534    3.534    3.790    3.790    5.522    5.522
    5.528    5.528    6.175    6.175    6.225    6.225    6.787    6.787    6.947    6.947
    7.060    7.060    7.207    7.207    7.670    7.670    7.948    7.948    8.295    8.295
    8.441    8.441    8.651    8.651    8.895    8.895    9.305    9.305    9.583    9.583
   10.075   10.075   10.373   10.373   10.701   10.701   10.909   10.909   11.200   11.200
            0.500000  0.757772  0.000000
  -65.223  -65.223  -33.951  -33.951  -33.833  -33.833  -33.807  -33.807  -14.998  -14.998
  -14.528  -14.528   -7.942   -7.942   -6.336   -6.336   -5.681   -5.681   -5.534   -5.534
   -4.533   -4.533   -4.393   -4.393   -1.909   -1.909    0.821    0.821    0.934    0.934
    2.860    2.860    3.103    3.103    3.445    3.445    3.898    3.898    5.443    5.443
    5.659    5.659    6.267    6.267    6.366    6.366    6.732    6.732    6.933    6.933
    7.109    7.109    7.286    7.286    7.560    7.560    7.755    7.755    8.247    8.247
    8.426    8.426    8.603    8.603    8.864    8.864    9.383    9.383    9.531    9.531
   10.002   10.002   10.406   10.406   10.731   10.731   10.948   10.948   11.208   11.208
            0.500000  0.784835  0.000000
  -65.222  -65.222  -33.953  -33.953  -33.833  -33.833  -33.807  -33.807  -14.998  -14.998
  -14.514  -14.514   -7.976   -7.976   -6.315   -6.315   -5.685   -5.685   -5.539   -5.539
   -4.540   -4.540   -4.372   -4.372   -1.935   -1.935    0.850    0.850    0.933    0.933
    2.909    2.909    3.085    3.085    3.361    3.361    4.005    4.005    5.346    5.346
    5.793    5.793    6.367    6.367    6.518    6.518    6.634    6.634    6.916    6.916
    7.181    7.181    7.318    7.318    7.528    7.528    7.573    7.573    8.116    8.116
    8.372    8.372    8.609    8.609    8.914    8.914    9.336    9.336    9.582    9.582
    9.906    9.906   10.443   10.443   10.788   10.788   10.961   10.961   11.239   11.239
            0.500000  0.811899  0.000000
  -65.222  -65.222  -33.954  -33.954  -33.833  -33.833  -33.807  -33.807  -14.997  -14.997
  -14.504  -14.504   -8.001   -8.001   -6.298   -6.298   -5.689   -5.689   -5.544   -5.544
   -4.545   -4.545   -4.355   -4.355   -1.954   -1.954    0.869    0.869    0.933    0.933
    2.956    2.956    3.073    3.073    3.288    3.288    4.099    4.099    5.254    5.254
    5.928    5.928    6.411    6.411    6.584    6.584    6.680    6.680    6.893    6.893
    7.148    7.148    7.349    7.349    7.406    7.406    7.623    7.623    7.978    7.978
    8.240    8.240    8.687    8.687    8.986    8.986    9.243    9.243    9.644    9.644
    9.825    9.825   10.464   10.464   10.861   10.861   10.964   10.964   11.262   11.262
            0.500000  0.838962  0.000000
  -65.222  -65.222  -33.955  -33.955  -33.833  -33.833  -33.807  -33.807  -14.997  -14.997
  -14.498  -14.498   -8.017   -8.017   -6.287   -6.287   -5.692   -5.692   -5.548   -5.548
   -4.548   -4.548   -4.344   -4.344   -1.965   -1.965    0.880    0.880    0.934    0.934
    2.999    2.999    3.060    3.060    3.234    3.234    4.167    4.167    5.187    5.187
    6.062    6.062    6.322    6.322    6.659    6.659    6.842    6.842    6.876    6.876
    7.044    7.044    7.192    7.192    7.507    7.507    7.702    7.702    7.876    7.876
    8.100    8.100    8.765    8.765    9.049    9.049    9.159    9.159    9.644    9.644
    9.805    9.805   10.466   10.466   10.930   10.930   10.972   10.972   11.237   11.237
            0.500000  0.866025  0.000000
  -65.222  -65.222  -33.955  -33.955  -33.832  -33.832  -33.807  -33.807  -14.997  -14.997
  -14.496  -14.496   -8.022   -8.022   -6.284   -6.284   -5.693   -5.693   -5.549   -5.549
   -4.549   -4.549   -4.340   -4.340   -1.969   -1.969    0.883    0.883    0.935    0.935
    3.035    3.035    3.037    3.037    3.213    3.213    4.192    4.192    5.161    5.161
    6.184    6.184    6.208    6.208    6.714    6.714    6.867    6.867    6.966    6.966
    7.016    7.016    7.033    7.033    7.633    7.633    7.636    7.636    7.898    7.898
    8.007    8.007    8.802    8.802    9.072    9.072    9.124    9.124    9.626    9.626
    9.813    9.813   10.463   10.463   10.959   10.959   10.980   10.980   11.213   11.213
            0.484375  0.866025  0.000000
  -65.222  -65.222  -33.955  -33.955  -33.832  -33.832  -33.807  -33.807  -14.997  -14.997
  -14.496  -14.496   -8.021   -8.021   -6.285   -6.285   -5.692   -5.692   -5.549   -5.549
   -4.549   -4.549   -4.344   -4.344   -1.966   -1.966    0.882    0.882    0.934    0.934
    3.005    3.005    3.066    3.067    3.216    3.216    4.189    4.189    5.167    5.167
    6.150    6.150    6.240    6.240    6.705    6.705    6.869    6.869    6.947    6.947
    7.001    7.001    7.079    7.079    7.593    7.593    7.671    7.671    7.889    7.889
    8.024    8.024    8.797    8.797    9.070    9.070    9.127    9.127    9.629    9.629
    9.809    9.809   10.460   10.460   10.958   10.958   10.977   10.977   11.218   11.218
            0.468750  0.866025  0.000000
  -65.222  -65.222  -33.955  -33.955  -33.832  -33.832  -33.807  -33.807  -14.996  -14.996
  -14.497  -14.497   -8.017   -8.017   -6.288   -6.288   -5.690   -5.690   -5.548   -5.548
   -4.548   -4.548   -4.354   -4.354   -1.957   -1.957    0.879    0.879    0.932    0.932
    2.973    2.973    3.095    3.095    3.226    3.226    4.182    4.182    5.183    5.183
    6.107    6.107    6.280    6.280    6.684    6.684    6.871    6.871    6.904    6.904
    7.020    7.020    7.137    7.137    7.553    7.553    7.698    7.698    7.877    7.877
    8.060    8.060    8.783    8.783    9.064    9.064    9.138    9.138    9.637    9.637
    9.797    9.797   10.448   10.448   10.944   10.944   10.981   10.981   11.230   11.230
            0.453125  0.866025  0.000000
  -65.222  -65.222  -33.955  -33.955  -33.832  -33.832  -33.807  -33.807  -14.995  -14.995
  -14.499  -14.499   -8.011   -8.011   -6.294   -6.294   -5.687   -5.687   -5.546   -5.546
   -4.548   -4.548   -4.371   -4.371   -1.942   -1.942    0.873    0.873    0.929    0.929
    2.940    2.940    3.121    3.121    3.244    3.244    4.169    4.169    5.209    5.209
    6.062    6.062    6.318    6.318    6.657    6.657    6.841    6.841    6.889    6.889
    7.053    7.053    7.198    7.198    7.513    7.513    7.706    7.706    7.883    7.883
    8.106    8.106    8.763    8.763    9.052    9.052    9.155    9.155    9.646    9.646
    9.783    9.783   10.430   10.430   10.921   10.921   10.994   10.994   11.239   11.239
            0.437500  0.866025  0.000000
  -65.222  -65.222  -33.954  -33.954  -33.832  -33.832  -33.808  -33.808  -14.993  -14.993
  -14.501  -14.501   -8.002   -8.002   -6.302   -6.302   -5.683   -5.683   -5.544   -5.544
   -4.548   -4.548   -4.394   -4.394   -1.921   -1.921    0.864    0.864    0.926    0.926
    2.907    2.907    3.144    3.144    3.271    3.271    4.154    4.154    5.244    5.244
    6.017    6.017    6.350    6.350    6.631    6.631    6.792    6.792    6.894    6.894
    7.093    7.093    7.260    7.260    7.478    7.478    7.694    7.694    7.909    7.909
    8.155    8.155    8.740    8.740    9.035    9.035    9.175    9.175    9.647    9.647
    9.774    9.774   10.407   10.407   10.896   10.896   11.011   11.011   11.243   11.243
            0.421875  0.866025  0.000000
  -65.222  -65.222  -33.954  -33.954  -33.832  -33.832  -33.808  -33.808  -14.990  -14.990
  -14.504  -14.504   -7.991   -7.991   -6.312   -6.312   -5.678   -5.678   -5.541   -5.541
   -4.548   -4.548   -4.422   -4.422   -1.895   -1.895    0.853    0.853    0.922    0.922
    2.872    2.872    3.165    3.165    3.304    3.304    4.136    4.136    5.286    5.286
    5.973    5.973    6.374    6.374    6.613    6.613    6.743    6.743    6.899    6.899
    7.136    7.136    7.321    7.321    7.448    7.448    7.672    7.672    7.948    7.948
    8.207    8.207    8.716    8.716    9.016    9.016    9.193    9.193    9.632    9.632
    9.781    9.781   10.382   10.382   10.872   10.872   11.029   11.029   11.244   11.244
            0.406250  0.866025  0.000000
  -65.222  -65.222  -33.953  -33.953  -33.832  -33.832  -33.809  -33.809  -14.987  -14.987
  -14.508  -14.508   -7.978   -7.978   -6.323   -6.323   -5.673   -5.673   -5.537   -5.537
   -4.549   -4.549   -4.455   -4.455   -1.865   -1.865    0.837    0.837    0.919    0.919
    2.837    2.837    3.186    3.186    3.344    3.344    4.117    4.117    5.334    5.334
    5.929    5.929    6.385    6.385    6.607    6.607    6.695    6.695    6.903    6.903
    7.178    7.178    7.369    7.369    7.438    7.438    7.648    7.648    7.992    7.992
    8.260    8.260    8.694    8.694    8.994    8.994    9.208    9.208    9.603    9.603
    9.803    9.803   10.357   10.357   10.852   10.852   11.042   11.042   11.245   11.245
            0.390625  0.866025  0.000000
  -65.222  -65.222  -33.952  -33.952  -33.832  -33.832  -33.810  -33.810  -14.984  -14.984
  -14.512  -14.512   -7.963   -7.963   -6.335   -6.335   -5.668   -5.668   -5.533   -5.533
   -4.554   -4.554   -4.488   -4.488   -1.830   -1.830    0.819    0.819    0.916    0.916
    2.800    2.800    3.207    3.207    3.388    3.388    4.098    4.098    5.385    5.385
    5.886    5.886    6.381    6.381    6.616    6.616    6.650    6.650    6.906    6.906
    7.217    7.217    7.374    7.374    7.479    7.479    7.627    7.627    8.037    8.037
    8.312    8.312    8.675    8.675    8.972    8.972    9.215    9.215    9.567    9.567
    9.834    9.834   10.335   10.335   10.835   10.835   11.047   11.047   11.250   11.250
            0.375000  0.866025  0.000000
  -65.222  -65.222  -33.951  -33.951  -33.832  -33.832  -33.811  -33.811  -14.980  -14.980
  -14.517  -14.517   -7.945   -7.945   -6.349   -6.349   -5.663   -5.663   -5.527   -5.527
   -4.571   -4.571   -4.513   -4.513   -1.791   -1.791    0.798    0.798    0.913    0.913
    2.761    2.761    3.231    3.231    3.436    3.436    4.080    4.080    5.438    5.438
    5.844    5.844    6.367    6.367    6.604    6.604    6.639    6.639    6.906    6.906
    7.248    7.248    7.364    7.364    7.542    7.542    7.613    7.613    8.082    8.082
    8.362    8.362    8.662    8.662    8.949    8.949    9.213    9.213    9.533    9.533
    9.868    9.868   10.319   10.319   10.822   10.822   11.042   11.042   11.260   11.260
            0.359375  0.866025  0.000000
  -65.222  -65.222  -33.950  -33.950  -33.832  -33.832  -33.812  -33.812  -14.975  -14.975
  -14.522  -14.522   -7.925   -7.925   -6.364   -6.364   -5.659   -5.659   -5.521   -5.521
   -4.607   -4.607   -4.522   -4.522   -1.748   -1.748    0.773    0.773    0.910    0.910
    2.722    2.722    3.258    3.258    3.485    3.485    4.065    4.065    5.490    5.490
    5.806    5.806    6.349    6.349    6.563    6.563    6.663    6.663    6.905    6.905
    7.267    7.267    7.360    7.360    7.594    7.594    7.625    7.625    8.125    8.125
    8.408    8.408    8.657    8.657    8.925    8.925    9.202    9.202    9.504    9.504
    9.904    9.904   10.311   10.311   10.812   10.812   11.029   11.029   11.267   11.267
            0.343750  0.866025  0.000000
  -65.222  -65.222  -33.949  -33.949  -33.833  -33.833  -33.813  -33.813  -14.970  -14.970
  -14.528  -14.528   -7.902   -7.902   -6.380   -6.380   -5.656   -5.656   -5.514   -5.514
   -4.654   -4.654   -4.524   -4.524   -1.703   -1.703    0.746    0.746    0.907    0.907
    2.682    2.682    3.287    3.287    3.535    3.535    4.054    4.054    5.535    5.535
    5.775    5.775    6.330    6.330    6.523    6.523    6.687    6.687    6.905    6.905
    7.272    7.272    7.365    7.365    7.602    7.602    7.691    7.691    8.166    8.166
    8.449    8.449    8.661    8.661    8.902    8.902    9.182    9.182    9.483    9.483
    9.939    9.939   10.310   10.310   10.808   10.808   11.011   11.011   11.264   11.264
            0.328125  0.866025  0.000000
  -65.222  -65.222  -33.948  -33.948  -33.833  -33.833  -33.814  -33.814  -14.964  -14.964
  -14.535  -14.535   -7.878   -7.878   -6.396   -6.396   -5.653   -5.653   -5.506   -5.506
   -4.705   -4.705   -4.523   -4.523   -1.655   -1.655    0.716    0.716    0.904    0.904
    2.640    2.640    3.319    3.319    3.584    3.584    4.048    4.048    5.566    5.566
    5.755    5.755    6.315    6.315    6.486    6.486    6.704    6.704    6.909    6.909
    7.268    7.268    7.372    7.372    7.613    7.613    7.765    7.765    8.205    8.205
    8.481    8.481    8.673    8.673    8.880    8.880    9.159    9.159    9.468    9.468
    9.973    9.973   10.317   10.317   10.809   10.809   10.989   10.989   11.239   11.239
            0.312500  0.866025  0.000000
  -65.222  -65.222  -33.946  -33.946  -33.833  -33.833  -33.816  -33.816  -14.958  -14.958
  -14.542  -14.542   -7.851   -7.851   -6.412   -6.412   -5.652   -5.652   -5.498   -5.498
   -4.759   -4.759   -4.521   -4.521   -1.605   -1.605    0.684    0.684    0.901    0.901
    2.599    2.599    3.353    3.353    3.630    3.630    4.049    4.049    5.572    5.572
    5.756    5.756    6.305    6.305    6.452    6.452    6.710    6.710    6.921    6.921
    7.259    7.259    7.377    7.377    7.630    7.630    7.842    7.842    8.241    8.241
    8.507    8.507    8.687    8.687    8.865    8.865    9.138    9.138    9.459    9.459
   10.004   10.004   10.331   10.331   10.815   10.815   10.968   10.968   11.189   11.189
            0.296875  0.866025  0.000000
  -65.222  -65.222  -33.945  -33.945  -33.833  -33.833  -33.817  -33.817  -14.952  -14.952
  -14.550  -14.550   -7.823   -7.823   -6.429   -6.429   -5.653   -5.653   -5.489   -5.489
   -4.815   -4.815   -4.518   -4.518   -1.553   -1.553    0.649    0.649    0.898    0.898
    2.557    2.557    3.388    3.388    3.673    3.673    4.061    4.061    5.556    5.556
    5.773    5.773    6.302    6.302    6.423    6.423    6.704    6.704    6.941    6.941
    7.249    7.249    7.380    7.380    7.650    7.650    7.920    7.920    8.276    8.276
    8.528    8.528    8.689    8.689    8.864    8.864    9.123    9.123    9.456    9.456
   10.032   10.032   10.349   10.349   10.824   10.824   10.950   10.950   11.116   11.116
            0.281250  0.866025  0.000000
  -65.222  -65.222  -33.943  -33.943  -33.833  -33.833  -33.819  -33.819  -14.945  -14.945
  -14.558  -14.558   -7.793   -7.793   -6.446   -6.446   -5.655   -5.655   -5.480   -5.480
   -4.871   -4.871   -4.515   -4.515   -1.499   -1.499    0.613    0.613    0.895    0.895
    2.515    2.515    3.424    3.424    3.710    3.710    4.085    4.085    5.526    5.526
    5.793    5.793    6.304    6.304    6.403    6.403    6.689    6.689    6.965    6.965
    7.238    7.238    7.381    7.381    7.670    7.670    7.999    7.999    8.309    8.309
    8.549    8.549    8.673    8.673    8.881    8.881    9.118    9.118    9.461    9.461
   10.056   10.056   10.368   10.368   10.832   10.832   10.941   10.941   11.028   11.028
            0.265625  0.866025  0.000000
  -65.222  -65.222  -33.942  -33.942  -33.833  -33.833  -33.820  -33.820  -14.937  -14.937
  -14.566  -14.566   -7.761   -7.761   -6.463   -6.463   -5.658   -5.658   -5.471   -5.471
   -4.926   -4.926   -4.512   -4.512   -1.444   -1.444    0.574    0.574    0.892    0.892
    2.474    2.474    3.459    3.459    3.742    3.742    4.120    4.120    5.492    5.492
    5.807    5.807    6.300    6.300    6.401    6.401    6.669    6.669    6.990    6.990
    7.227    7.227    7.379    7.379    7.689    7.689    8.079    8.079    8.340    8.340
    8.571    8.571    8.647    8.647    8.906    8.906    9.125    9.125    9.474    9.474
   10.076   10.076   10.382   10.382   10.832   10.832   10.931   10.931   10.954   10.954
            0.250000  0.866025  0.000000
  -65.222  -65.222  -33.940  -33.940  -33.833  -33.833  -33.822  -33.822  -14.929  -14.929
  -14.576  -14.576   -7.728   -7.728   -6.479   -6.479   -5.664   -5.664   -5.462   -5.462
   -4.981   -4.981   -4.508   -4.508   -1.387   -1.387    0.534    0.534    0.889    0.889
    2.434    2.434    3.491    3.491    3.772    3.772    4.168    4.168    5.455    5.455
    5.813    5.813    6.286    6.286    6.421    6.421    6.647    6.647    7.012    7.012
    7.217    7.217    7.374    7.374    7.707    7.707    8.159    8.159    8.366    8.366
    8.588    8.588    8.629    8.629    8.926    8.926    9.146    9.146    9.497    9.497
   10.092   10.092   10.384   10.384   10.816   10.816   10.857   10.857   10.978   10.978
            0.234375  0.866025  0.000000
  -65.222  -65.222  -33.938  -33.938  -33.833  -33.833  -33.824  -33.824  -14.921  -14.921
  -14.585  -14.585   -7.693   -7.693   -6.496   -6.496   -5.672   -5.672   -5.453   -5.453
   -5.034   -5.034   -4.504   -4.504   -1.330   -1.330    0.492    0.492    0.885    0.885
    2.395    2.395    3.518    3.518    3.803    3.803    4.224    4.224    5.418    5.418
    5.811    5.811    6.266    6.266    6.452    6.452    6.627    6.627    7.031    7.031
    7.207    7.207    7.366    7.366    7.727    7.727    8.236    8.236    8.387    8.387
    8.581    8.581    8.650    8.650    8.938    8.938    9.181    9.181    9.530    9.530
   10.104   10.104   10.360   10.360   10.763   10.763   10.833   10.833   11.018   11.018
            0.218750  0.866025  0.000000
  -65.222  -65.222  -33.936  -33.936  -33.833  -33.833  -33.826  -33.826  -14.912  -14.912
  -14.595  -14.595   -7.657   -7.657   -6.512   -6.512   -5.683   -5.683   -5.444   -5.444
   -5.085   -5.085   -4.500   -4.500   -1.273   -1.273    0.448    0.448    0.882    0.882
    2.357    2.357    3.538    3.538    3.840    3.840    4.287    4.287    5.380    5.380
    5.805    5.805    6.244    6.244    6.479    6.479    6.617    6.617    7.047    7.047
    7.197    7.197    7.356    7.356    7.748    7.748    8.299    8.299    8.410    8.410
    8.570    8.570    8.693    8.693    8.943    8.943    9.226    9.226    9.572    9.572
   10.113   10.113   10.304   10.304   10.714   10.714   10.834   10.834   11.067   11.067
            0.203125  0.866025  0.000000
  -65.222  -65.222  -33.935  -33.935  -33.833  -33.833  -33.827  -33.827  -14.903  -14.903
  -14.605  -14.605   -7.620   -7.620   -6.528   -6.528   -5.696   -5.696   -5.436   -5.436
   -5.132   -5.132   -4.496   -4.496   -1.214   -1.214    0.403    0.403    0.879    0.879
    2.321    2.321    3.550    3.550    3.883    3.883    4.355    4.355    5.341    5.341
    5.794    5.794    6.222    6.222    6.486    6.486    6.626    6.626    7.061    7.061
    7.185    7.185    7.343    7.343    7.775    7.775    8.328    8.328    8.457    8.457
    8.568    8.568    8.746    8.746    8.944    8.944    9.277    9.277    9.622    9.622
   10.119   10.119   10.220   10.220   10.677   10.677   10.848   10.848   11.117   11.117
            0.187500  0.866025  0.000000
  -65.222  -65.222  -33.933  -33.933  -33.834  -33.834  -33.829  -33.829  -14.894  -14.894
  -14.616  -14.616   -7.582   -7.582   -6.544   -6.544   -5.712   -5.712   -5.429   -5.429
   -5.175   -5.175   -4.491   -4.491   -1.156   -1.156    0.357    0.357    0.876    0.876
    2.287    2.287    3.557    3.557    3.932    3.932    4.426    4.426    5.303    5.303
    5.781    5.781    6.202    6.202    6.472    6.472    6.649    6.649    7.077    7.077
    7.170    7.170    7.330    7.330    7.807    7.807    8.327    8.327    8.520    8.520
    8.580    8.580    8.805    8.805    8.947    8.947    9.328    9.328    9.679    9.679
   10.099   10.099   10.144   10.144   10.646   10.646   10.870   10.870   11.058   11.058
            0.171875  0.866025  0.000000
  -65.222  -65.222  -33.931  -33.931  -33.834  -33.834  -33.830  -33.830  -14.884  -14.884
  -14.626  -14.626   -7.543   -7.543   -6.560   -6.560   -5.732   -5.732   -5.422   -5.422
   -5.214   -5.214   -4.487   -4.487   -1.097   -1.097    0.309    0.309    0.873    0.873
    2.256    2.256    3.559    3.559    3.987    3.987    4.499    4.499    5.264    5.264
    5.768    5.768    6.184    6.184    6.449    6.449    6.670    6.670    7.094    7.094
    7.156    7.156    7.318    7.318    7.845    7.845    8.315    8.315    8.556    8.556
    8.630    8.630    8.861    8.861    8.961    8.961    9.378    9.378    9.740    9.740
    9.999    9.999   10.139   10.139   10.616   10.616   10.883   10.883   10.991   10.991
            0.156250  0.866025  0.000000
  -65.222  -65.222  -33.929  -33.929  -33.835  -33.835  -33.831  -33.831  -14.874  -14.874
  -14.638  -14.638   -7.505   -7.505   -6.575   -6.575   -5.755   -5.755   -5.415   -5.415
   -5.248   -5.248   -4.483   -4.483   -1.039   -1.039    0.261    0.261    0.871    0.871
    2.226    2.226    3.558    3.558    4.047    4.047    4.572    4.572    5.225    5.225
    5.754    5.754    6.167    6.167    6.422    6.422    6.677    6.677    7.102    7.102
    7.153    7.153    7.314    7.314    7.888    7.888    8.302    8.302    8.568    8.568
    8.702    8.702    8.901    8.901    9.004    9.004    9.424    9.424    9.793    9.793
    9.900    9.900   10.143   10.143   10.586   10.586   10.843   10.843   10.981   10.981
            0.140625  0.866025  0.000000
  -65.222  -65.222  -33.927  -33.927  -33.836  -33.836  -33.831  -33.831  -14.863  -14.863
  -14.649  -14.649   -7.466   -7.466   -6.590   -6.590   -5.780   -5.780   -5.410   -5.410
   -5.276   -5.276   -4.480   -4.480   -0.981   -0.981    0.212    0.212    0.868    0.868
    2.199    2.199    3.555    3.555    4.109    4.109    4.644    4.644    5.185    5.185
    5.742    5.742    6.153    6.153    6.393    6.393    6.668    6.668    7.091    7.091
    7.163    7.163    7.327    7.327    7.935    7.935    8.288    8.288    8.576    8.576
    8.768    8.768    8.935    8.935    9.072    9.072    9.460    9.460    9.751    9.751
    9.903    9.903   10.147   10.147   10.560   10.560   10.771   10.771   10.996   10.996
            0.125000  0.866025  0.000000
  -65.222  -65.222  -33.926  -33.926  -33.838  -33.838  -33.831  -33.831  -14.853  -14.853
  -14.660  -14.660   -7.429   -7.429   -6.604   -6.604   -5.807   -5.807   -5.404   -5.404
   -5.300   -5.300   -4.476   -4.476   -0.923   -0.923    0.163    0.163    0.866    0.866
    2.174    2.174    3.551    3.551    4.174    4.174    4.714    4.714    5.145    5.145
    5.732    5.732    6.140    6.140    6.365    6.365    6.644    6.644    7.076    7.076
    7.165    7.165    7.364    7.364    7.985    7.985    8.276    8.276    8.582    8.582
    8.813    8.813    8.984    8.984    9.152    9.152    9.479    9.479    9.660    9.660
    9.970    9.970   10.148   10.148   10.542   10.542   10.692   10.692   10.950   10.950
            0.109375  0.866025  0.000000
  -65.222  -65.222  -33.924  -33.924  -33.839  -33.839  -33.832  -33.832  -14.842  -14.842
  -14.672  -14.672   -7.392   -7.392   -6.618   -6.618   -5.835   -5.835   -5.400   -5.400
   -5.319   -5.319   -4.473   -4.473   -0.867   -0.867    0.114    0.114    0.863    0.863
    2.152    2.152    3.546    3.546    4.240    4.240    4.780    4.780    5.104    5.104
    5.725    5.725    6.130    6.130    6.338    6.338    6.607    6.607    7.063    7.063
    7.157    7.157    7.421    7.421    8.035    8.035    8.267    8.267    8.586    8.586
    8.838    8.838    9.053    9.053    9.235    9.235    9.456    9.456    9.604    9.604
   10.042   10.042   10.144   10.144   10.533   10.533   10.611   10.611   10.846   10.846
            0.093750  0.866025  0.000000
  -65.222  -65.222  -33.923  -33.923  -33.841  -33.841  -33.832  -33.832  -14.831  -14.831
  -14.684  -14.684   -7.358   -7.358   -6.631   -6.631   -5.862   -5.862   -5.396   -5.396
   -5.334   -5.334   -4.470   -4.470   -0.813   -0.813    0.065    0.065    0.861    0.861
    2.133    2.133    3.542    3.542    4.307    4.307    4.839    4.839    5.064    5.064
    5.721    5.721    6.122    6.122    6.312    6.312    6.563    6.563    7.052    7.052
    7.143    7.143    7.488    7.488    8.082    8.082    8.262    8.262    8.588    8.588
    8.853    8.853    9.126    9.126    9.302    9.302    9.406    9.406    9.597    9.597
   10.102   10.102   10.149   10.149   10.506   10.506   10.556   10.556   10.743   10.743
            0.078125  0.866025  0.000000
  -65.222  -65.222  -33.922  -33.922  -33.842  -33.842  -33.832  -33.832  -14.820  -14.820
  -14.696  -14.696   -7.326   -7.326   -6.644   -6.644   -5.887   -5.887   -5.392   -5.392
   -5.346   -5.346   -4.467   -4.467   -0.761   -0.761    0.018    0.018    0.860    0.860
    2.117    2.117    3.537    3.537    4.373    4.373    4.886    4.886    5.029    5.029
    5.721    5.721    6.117    6.117    6.286    6.286    6.514    6.514    7.045    7.045
    7.128    7.128    7.558    7.558    8.121    8.121    8.266    8.266    8.586    8.586
    8.865    8.865    9.171    9.171    9.299    9.299    9.447    9.447    9.605    9.605
   10.101   10.101   10.207   10.207   10.420   10.420   10.548   10.548   10.668   10.668
            0.062500  0.866025  0.000000
  -65.222  -65.222  -33.920  -33.920  -33.843  -33.843  -33.832  -33.832  -14.808  -14.808
  -14.707  -14.707   -7.299   -7.299   -6.655   -6.655   -5.910   -5.910   -5.390   -5.390
   -5.355   -5.355   -4.465   -4.465   -0.713   -0.713   -0.026   -0.026    0.858    0.858
    2.103    2.103    3.534    3.534    4.438    4.438    4.904    4.904    5.012    5.012
    5.724    5.724    6.114    6.114    6.262    6.262    6.467    6.467    7.041    7.041
    7.112    7.112    7.626    7.626    8.144    8.144    8.286    8.286    8.581    8.581
    8.876    8.876    9.129    9.129    9.336    9.336    9.533    9.533    9.619    9.619
   10.079   10.079   10.278   10.278   10.324   10.324   10.489   10.489   10.673   10.673
            0.046875  0.866025  0.000000
  -65.222  -65.222  -33.920  -33.920  -33.844  -33.844  -33.832  -33.832  -14.797  -14.797
  -14.719  -14.719   -7.275   -7.275   -6.665   -6.665   -5.929   -5.929   -5.387   -5.387
   -5.362   -5.362   -4.463   -4.463   -0.670   -0.670   -0.065   -0.065    0.857    0.857
    2.093    2.093    3.531    3.531    4.501    4.501    4.883    4.883    5.025    5.025
    5.731    5.731    6.115    6.115    6.238    6.238    6.426    6.426    7.039    7.039
    7.098    7.098    7.687    7.687    8.151    8.151    8.321    8.321    8.571    8.571
    8.885    8.885    9.060    9.060    9.392    9.392    9.621    9.621    9.648    9.648
   10.051   10.051   10.229   10.229   10.335   10.335   10.419   10.419   10.719   10.719
            0.031250  0.866025  0.000000
  -65.222  -65.222  -33.919  -33.919  -33.844  -33.844  -33.832  -33.832  -14.786  -14.786
  -14.730  -14.730   -7.258   -7.258   -6.672   -6.672   -5.943   -5.943   -5.386   -5.386
   -5.367   -5.367   -4.462   -4.462   -0.636   -0.636   -0.097   -0.097    0.856    0.856
    2.085    2.085    3.528    3.528    4.560    4.560    4.844    4.844    5.045    5.045
    5.738    5.738    6.119    6.119    6.215    6.215    6.393    6.393    7.040    7.040
    7.086    7.086    7.737    7.737    8.149    8.149    8.364    8.364    8.555    8.555
    8.892    8.892    8.999    8.999    9.434    9.434    9.676    9.676    9.726    9.726
   10.013   10.013   10.140   10.140   10.305   10.305   10.440   10.440   10.709   10.709
            0.015625  0.866025  0.000000
  -65.222  -65.222  -33.919  -33.919  -33.845  -33.845  -33.832  -33.832  -14.777  -14.777
  -14.740  -14.740   -7.247   -7.247   -6.677   -6.677   -5.951   -5.951   -5.385   -5.385
   -5.370   -5.370   -4.461   -4.461   -0.613   -0.613   -0.119   -0.119    0.856    0.856
    2.081    2.081    3.527    3.527    4.608    4.608    4.806    4.806    5.060    5.060
    5.744    5.744    6.126    6.126    6.195    6.195    6.373    6.373    7.041    7.041
    7.078    7.078    7.769    7.769    8.145    8.145    8.404    8.404    8.534    8.534
    8.898    8.898    8.957    8.957    9.454    9.454    9.727    9.727    9.813    9.813
    9.961    9.961   10.067   10.067   10.257   10.257   10.494   10.494   10.664   10.664
            0.000000  0.866025  0.000000
  -65.222  -65.222  -33.918  -33.918  -33.845  -33.845  -33.832  -33.832  -14.772  -14.772
  -14.744  -14.744   -7.243   -7.243   -6.679   -6.679   -5.954   -5.954   -5.384   -5.384
   -5.371   -5.371   -4.461   -4.461   -0.605   -0.605   -0.127   -0.127    0.856    0.856
    2.079    2.079    3.526    3.526    4.629    4.629    4.788    4.788    5.065    5.065
    5.747    5.747    6.130    6.130    6.186    6.186    6.367    6.367    7.042    7.042
    7.075    7.075    7.781    7.781    8.143    8.143    8.424    8.424    8.521    8.521
    8.901    8.901    8.942    8.942    9.460    9.460    9.754    9.754    9.883    9.883
    9.903    9.903   10.034   10.034   10.239   10.239   10.523   10.523   10.640   10.640
            0.000000  0.838962  0.000000
  -65.223  -65.222  -33.919  -33.917  -33.849  -33.841  -33.832  -33.831  -14.809  -14.748
  -14.740  -14.739   -7.260   -7.216   -6.679   -6.679   -6.018   -5.899   -5.428   -5.376
   -5.356   -5.340   -4.525   -4.395   -0.626   -0.586   -0.176   -0.077    0.829    0.882
    2.045    2.112    3.490    3.528    4.610    4.644    4.768    4.829    5.011    5.130
    5.644    5.863    5.972    6.057    6.293    6.299    6.309    6.460    6.892    6.930
    7.200    7.213    7.778    7.781    8.051    8.112    8.431    8.471    8.509    8.532
    8.858    8.918    8.966    8.977    9.363    9.563    9.610    9.751    9.755    9.886
    9.891   10.028   10.047   10.132   10.180   10.342   10.492   10.532   10.544   10.741
            0.000000  0.811899  0.000000
  -65.223  -65.222  -33.919  -33.915  -33.854  -33.838  -33.831  -33.831  -14.849  -14.752
  -14.734  -14.713   -7.268   -7.180   -6.681   -6.680   -6.088   -5.855   -5.468   -5.374
   -5.333   -5.298   -4.589   -4.330   -0.648   -0.568   -0.224   -0.026    0.800    0.908
    2.007    2.145    3.421    3.496    4.584    4.657    4.761    4.894    4.965    5.206
    5.554    5.831    5.928    5.990    6.267    6.365    6.475    6.596    6.754    6.786
    7.334    7.362    7.770    7.785    7.915    7.995    8.400    8.498    8.500    8.580
    8.856    8.932    8.965    9.063    9.291    9.470    9.618    9.622    9.653    9.760
    9.997   10.028   10.166   10.188   10.330   10.424   10.431   10.432   10.598   10.692
            0.000000  0.784835  0.000000
  -65.223  -65.222  -33.919  -33.912  -33.859  -33.838  -33.830  -33.829  -14.893  -14.754
  -14.727  -14.689   -7.265   -7.135   -6.684   -6.682   -6.163   -5.828   -5.498   -5.363
   -5.302   -5.259   -4.651   -4.265   -0.673   -0.553   -0.272    0.025    0.768    0.933
    1.967    2.181    3.328    3.437    4.548    4.668    4.754    4.927    4.980    5.294
    5.464    5.721    5.810    6.126    6.232    6.415    6.634    6.644    6.658    6.756
    7.415    7.522    7.746    7.768    7.825    7.867    8.319    8.444    8.550    8.573
    8.879    8.928    9.023    9.123    9.238    9.358    9.494    9.510    9.651    9.707
    9.933   10.078   10.257   10.314   10.348   10.360   10.490   10.513   10.557   10.710
            0.000000  0.757772  0.000000
  -65.223  -65.222  -33.917  -33.909  -33.864  -33.838  -33.830  -33.825  -14.941  -14.756
  -14.720  -14.671   -7.252   -7.083   -6.688   -6.684   -6.241   -5.822   -5.513   -5.345
   -5.263   -5.223   -4.712   -4.200   -0.698   -0.538   -0.318    0.075    0.732    0.957
    1.924    2.223    3.217    3.357    4.497    4.678    4.734    4.898    5.082    5.359
    5.391    5.658    5.704    6.198    6.267    6.447    6.507    6.540    6.846    6.922
    7.443    7.618    7.672    7.707    7.755    7.907    8.242    8.385    8.513    8.575
    8.858    8.908    9.080    9.161    9.162    9.329    9.375    9.438    9.598    9.711
    9.859   10.118   10.202   10.258   10.349   10.431   10.541   10.602   10.659   10.785
            0.000000  0.730709  0.000000
  -65.223  -65.222  -33.916  -33.905  -33.868  -33.839  -33.829  -33.821  -14.991  -14.757
  -14.712  -14.657   -7.229   -7.024   -6.692   -6.685   -6.322   -5.838   -5.511   -5.319
   -5.216   -5.193   -4.772   -4.136   -0.722   -0.524   -0.362    0.126    0.691    0.978
    1.881    2.272    3.095    3.265    4.431    4.688    4.694    4.882    5.194    5.236
    5.495    5.609    5.637    6.157    6.378    6.412    6.457    6.484    7.037    7.088
    7.434    7.470    7.654    7.657    7.816    7.982    8.209    8.335    8.430    8.590
    8.768    8.932    8.963    9.053    9.227    9.314    9.357    9.371    9.623    9.673
    9.825   10.088   10.119   10.183   10.316   10.449   10.706   10.727   10.736   10.827
            0.000000  0.703646  0.000000
  -65.224  -65.222  -33.913  -33.901  -33.873  -33.841  -33.829  -33.817  -15.044  -14.758
  -14.704  -14.647   -7.196   -6.961   -6.696   -6.685   -6.404   -5.869   -5.498   -5.288
   -5.168   -5.163   -4.829   -4.074   -0.746   -0.510   -0.405    0.177    0.644    0.992
    1.841    2.329    2.965    3.164    4.350    4.631    4.698    4.878    5.106    5.312
    5.519    5.601    5.638    6.104    6.260    6.434    6.470    6.557    7.223    7.243
    7.329    7.417    7.588    7.600    7.929    7.965    8.289    8.299    8.337    8.613
    8.671    8.835    8.940    8.947    9.099    9.264    9.358    9.466    9.611    9.658
    9.842    9.977   10.098   10.136   10.229   10.536   10.668   10.846   10.926   10.984
            0.000000  0.676582  0.000000
  -65.224  -65.222  -33.910  -33.896  -33.878  -33.842  -33.829  -33.813  -15.099  -14.758
  -14.695  -14.642   -7.155   -6.895   -6.700   -6.684   -6.486   -5.906   -5.478   -5.252
   -5.148   -5.102   -4.885   -4.015   -0.769   -0.497   -0.446    0.227    0.592    0.996
    1.808    2.395    2.832    3.060    4.258    4.549    4.708    4.885    4.975    5.428
    5.435    5.643    5.705    6.042    6.158    6.375    6.487    6.700    7.202    7.321
    7.374    7.484    7.513    7.576    7.905    8.025    8.241    8.283    8.423    8.547
    8.653    8.712    8.868    8.947    8.975    9.168    9.310    9.533    9.607    9.643
    9.824    9.943   10.057   10.072   10.258   10.586   10.618   10.998   11.096   11.122
            0.000000  0.649519  0.000000
  -65.224  -65.222  -33.907  -33.891  -33.883  -33.843  -33.828  -33.809  -15.156  -14.757
  -14.685  -14.642   -7.108   -6.831   -6.702   -6.681   -6.565   -5.943   -5.458   -5.212
   -5.134   -5.036   -4.938   -3.958   -0.789   -0.485   -0.483    0.276    0.538    0.987
    1.786    2.469    2.699    2.956    4.158    4.453    4.716    4.841    4.907    5.333
    5.559    5.633    5.800    5.975    6.080    6.282    6.513    6.834    7.103    7.306
    7.431    7.447    7.597    7.662    7.856    8.123    8.144    8.289    8.443    8.511
    8.596    8.642    8.861    8.905    8.932    9.084    9.249    9.451    9.587    9.721
    9.723    9.952   10.004   10.051   10.378   10.588   10.606   11.017   11.158   11.183
            0.000000  0.622456  0.000000
  -65.224  -65.222  -33.903  -33.888  -33.885  -33.845  -33.828  -33.805  -15.214  -14.755
  -14.676  -14.645   -7.060   -6.773   -6.704   -6.675   -6.637   -5.972   -5.437   -5.171
   -5.125   -4.987   -4.965   -3.905   -0.807   -0.523   -0.472    0.324    0.483    0.963
    1.777    2.550    2.567    2.854    4.055    4.349    4.716    4.723    4.927    5.233
    5.598    5.682    5.881    5.903    6.031    6.162    6.515    6.947    7.056    7.288
    7.346    7.438    7.669    7.761    7.922    8.049    8.211    8.320    8.372    8.431
    8.501    8.677    8.807    8.903    8.910    9.099    9.197    9.360    9.524    9.620
    9.800    9.844   10.039   10.054   10.522   10.589   10.630   10.949   11.075   11.316
            0.000000  0.595392  0.000000
  -65.225  -65.222  -33.899  -33.893  -33.879  -33.846  -33.828  -33.802  -15.273  -14.754
  -14.665  -14.652   -7.021   -6.727   -6.704   -6.689   -6.666   -5.988   -5.416   -5.133
   -5.121   -5.028   -4.889   -3.857   -0.822   -0.558   -0.464    0.370    0.431    0.923
    1.782    2.440    2.636    2.756    3.949    4.240    4.594    4.727    4.950    5.130
    5.540    5.798    5.823    5.941    6.004    6.031    6.472    7.017    7.079    7.262
    7.302    7.386    7.736    7.755    7.957    8.118    8.207    8.322    8.343    8.376
    8.492    8.607    8.840    8.858    8.861    9.178    9.178    9.261    9.501    9.542
    9.745    9.831   10.036   10.075   10.620   10.628   10.686   10.930   10.987   11.220
            0.000000  0.568329  0.000000
  -65.225  -65.222  -33.898  -33.894  -33.872  -33.848  -33.828  -33.798  -15.333  -14.751
  -14.662  -14.654   -7.014   -6.701   -6.700   -6.699   -6.654   -5.985   -5.393   -5.123
   -5.121   -5.036   -4.808   -3.814   -0.834   -0.592   -0.463    0.386    0.415    0.870
    1.800    2.318    2.666    2.725    3.842    4.130    4.476    4.727    4.966    5.026
    5.474    5.733    5.826    5.973    5.977    5.988    6.394    7.027    7.159    7.180
    7.315    7.367    7.748    7.753    7.869    8.198    8.203    8.250    8.335    8.458
    8.530    8.571    8.812    8.824    8.869    9.152    9.178    9.191    9.515    9.517
    9.724    9.829   10.040   10.077   10.629   10.642   10.777   10.948   10.956   11.200
            0.000000  0.541266  0.000000
  -65.225  -65.222  -33.902  -33.889  -33.866  -33.849  -33.828  -33.795  -15.393  -14.749
  -14.675  -14.644   -7.050   -6.697   -6.692   -6.659   -6.639   -5.963   -5.366   -5.154
   -5.126   -5.002   -4.724   -3.776   -0.844   -0.624   -0.471    0.351    0.457    0.806
    1.828    2.205    2.583    2.816    3.735    4.021    4.362    4.723    4.921    4.965
    5.417    5.629    5.689    5.971    5.988    6.069    6.302    7.001    7.104    7.236
    7.272    7.461    7.687    7.756    7.785    8.102    8.131    8.253    8.423    8.565
    8.568    8.580    8.759    8.844    8.924    9.031    9.143    9.190    9.446    9.564
    9.811    9.864   10.048   10.081   10.573   10.618   10.883   10.901   10.982   11.262
            0.000000  0.514203  0.000000
  -65.225  -65.222  -33.907  -33.884  -33.859  -33.851  -33.828  -33.792  -15.452  -14.746
  -14.691  -14.633   -7.112   -6.705   -6.689   -6.619   -6.584   -5.927   -5.331   -5.194
   -5.134   -4.956   -4.636   -3.746   -0.852   -0.655   -0.494    0.331    0.496    0.735
    1.864    2.101    2.510    2.906    3.629    3.913    4.252    4.714    4.818    4.937
    5.381    5.512    5.528    5.950    5.978    6.179    6.208    6.965    7.036    7.156
    7.403    7.565    7.585    7.708    7.747    8.005    8.028    8.259    8.383    8.599
    8.691    8.708    8.721    8.859    8.898    8.961    9.185    9.200    9.371    9.640
    9.793   10.058   10.059   10.103   10.505   10.576   10.813   10.961   11.056   11.216
            0.000000  0.487139  0.000000
  -65.226  -65.222  -33.911  -33.879  -33.853  -33.851  -33.828  -33.789  -15.510  -14.743
  -14.709  -14.621   -7.184   -6.734   -6.679   -6.596   -6.489   -5.885   -5.283   -5.235
   -5.145   -4.908   -4.546   -3.722   -0.858   -0.686   -0.531    0.327    0.532    0.658
    1.905    2.008    2.449    2.993    3.524    3.808    4.147    4.697    4.717    4.879
    5.362    5.367    5.382    5.929    5.953    6.118    6.281    6.927    6.975    7.081
    7.465    7.534    7.644    7.666    7.721    7.916    7.928    8.196    8.346    8.659
    8.706    8.707    8.757    8.834    8.914    9.004    9.191    9.232    9.474    9.702
    9.782   10.068   10.140   10.251   10.449   10.560   10.733   10.946   11.131   11.165
            0.000000  0.460076  0.000000
  -65.226  -65.222  -33.915  -33.873  -33.854  -33.844  -33.829  -33.786  -15.568  -14.739
  -14.728  -14.610   -7.260   -6.772   -6.667   -6.569   -6.382   -5.846   -5.275   -5.218
   -5.157   -4.861   -4.453   -3.706   -0.863   -0.716   -0.584    0.339    0.565    0.577
    1.928    1.950    2.400    3.076    3.419    3.706    4.046    4.619    4.672    4.799
    5.194    5.241    5.365    5.912    5.921    6.033    6.366    6.891    6.922    7.019
    7.337    7.542    7.661    7.714    7.755    7.833    7.860    8.105    8.309    8.609
    8.619    8.654    8.762    8.947    8.984    9.100    9.114    9.375    9.693    9.751
    9.779   10.081   10.161   10.314   10.473   10.606   10.719   10.881   11.099   11.192
            0.000000  0.433013  0.000000
  -65.226  -65.222  -33.920  -33.867  -33.856  -33.837  -33.829  -33.783  -15.624  -14.749
  -14.736  -14.599   -7.336   -6.818   -6.651   -6.539   -6.269   -5.818   -5.313   -5.171
   -5.133   -4.816   -4.359   -3.698   -0.867   -0.747   -0.650    0.365    0.494    0.594
    1.863    1.996    2.365    3.152    3.315    3.608    3.950    4.524    4.638    4.707
    5.025    5.093    5.359    5.888    5.906    5.953    6.420    6.858    6.878    6.980
    7.208    7.477    7.598    7.720    7.743    7.863    7.922    8.009    8.266    8.459
    8.587    8.595    8.705    9.005    9.114    9.133    9.188    9.559    9.784    9.814
    9.929   10.101   10.164   10.269   10.460   10.706   10.811   10.873   11.042   11.243
            0.000000  0.405949  0.000000
  -65.227  -65.222  -33.924  -33.861  -33.857  -33.830  -33.829  -33.781  -15.679  -14.771
  -14.732  -14.589   -7.411   -6.866   -6.633   -6.504   -6.150   -5.801   -5.351   -5.183
   -5.029   -4.773   -4.264   -3.698   -0.872   -0.779   -0.727    0.402    0.411    0.620
    1.813    2.043    2.344    3.211    3.220    3.514    3.858    4.431    4.596    4.610
    4.858    4.941    5.343    5.861    5.878    5.916    6.430    6.829    6.841    6.976
    7.080    7.409    7.528    7.650    7.659    7.917    8.015    8.022    8.218    8.311
    8.535    8.567    8.632    8.921    9.244    9.269    9.306    9.705    9.793    9.916
   10.129   10.134   10.195   10.258   10.402   10.749   10.818   10.992   11.103   11.304
            0.000000  0.378886  0.000000
  -65.227  -65.222  -33.927  -33.859  -33.856  -33.829  -33.822  -33.779  -15.731  -14.794
  -14.728  -14.578   -7.483   -6.916   -6.612   -6.466   -6.030   -5.794   -5.386   -5.193
   -4.909   -4.733   -4.169   -3.705   -0.876   -0.813   -0.812    0.327    0.447    0.642
    1.780    2.090    2.336    3.109    3.277    3.423    3.771    4.341    4.512    4.547
    4.693    4.788    5.314    5.808    5.844    5.941    6.395    6.802    6.810    6.947
    7.014    7.341    7.456    7.580    7.580    7.833    8.118    8.120    8.168    8.216
    8.480    8.558    8.560    8.846    9.277    9.381    9.505    9.774    9.803   10.042
   10.127   10.190   10.321   10.326   10.481   10.700   10.908   10.948   11.349   11.388
            0.000000  0.351823  0.000000
  -65.227  -65.222  -33.931  -33.860  -33.850  -33.830  -33.815  -33.776  -15.781  -14.816
  -14.725  -14.568   -7.552   -6.966   -6.589   -6.424   -5.911   -5.795   -5.420   -5.197
   -4.776   -4.697   -4.074   -3.721   -0.906   -0.882   -0.846    0.243    0.497    0.662
    1.763    2.135    2.342    3.007    3.323    3.337    3.690    4.253    4.416    4.493
    4.531    4.636    5.276    5.740    5.837    5.978    6.326    6.779    6.785    6.833
    7.055    7.272    7.386    7.506    7.513    7.762    8.006    8.105    8.212    8.345
    8.440    8.487    8.565    8.785    9.287    9.461    9.696    9.776    9.812   10.086
   10.192   10.273   10.285   10.526   10.664   10.737   10.908   10.974   11.477   11.585
            0.000000  0.324759  0.000000
  -65.227  -65.222  -33.934  -33.862  -33.844  -33.830  -33.808  -33.774  -15.828  -14.839
  -14.721  -14.558   -7.618   -7.014   -6.563   -6.380   -5.802   -5.798   -5.452   -5.192
   -4.666   -4.636   -3.981   -3.743   -1.004   -0.889   -0.881    0.160    0.550    0.681
    1.763    2.179    2.361    2.906    3.255    3.357    3.613    4.164    4.324    4.372
    4.439    4.490    5.231    5.677    5.843    6.023    6.235    6.725    6.757    6.764
    7.096    7.202    7.319    7.438    7.451    7.706    7.874    8.050    8.255    8.420
    8.443    8.497    8.583    8.737    9.282    9.508    9.746    9.820    9.843   10.062
   10.281   10.365   10.379   10.643   10.749   10.872   11.007   11.042   11.536   11.650
            0.000000  0.297696  0.000000
  -65.227  -65.222  -33.938  -33.863  -33.839  -33.830  -33.802  -33.772  -15.873  -14.861
  -14.718  -14.549   -7.679   -7.061   -6.536   -6.333   -5.813   -5.700   -5.483   -5.171
   -4.638   -4.489   -3.890   -3.772   -1.105   -0.918   -0.900    0.079    0.603    0.699
    1.779    2.219    2.391    2.807    3.178    3.376    3.542    4.072    4.218    4.237
    4.354    4.387    5.185    5.617    5.859    6.072    6.128    6.629    6.738    6.746
    7.124    7.128    7.256    7.375    7.394    7.669    7.753    7.995    8.240    8.356
    8.507    8.614    8.647    8.705    9.267    9.534    9.707    9.826    9.888   10.066
   10.367   10.495   10.539   10.635   10.839   10.932   11.171   11.283   11.564   11.621
            0.000000  0.270633  0.000000
  -65.228  -65.222  -33.941  -33.864  -33.834  -33.831  -33.796  -33.771  -15.914  -14.882
  -14.715  -14.540   -7.736   -7.104   -6.507   -6.283   -5.826   -5.624   -5.513   -5.125
   -4.615   -4.339   -3.824   -3.784   -1.209   -0.955   -0.913    0.001    0.655    0.717
    1.810    2.255    2.432    2.713    3.105    3.382    3.477    3.971    4.068    4.157
    4.234    4.340    5.140    5.561    5.885    6.012    6.123    6.544    6.720    6.730
    7.051    7.132    7.197    7.318    7.340    7.644    7.650    7.941    8.200    8.297
    8.597    8.654    8.688    8.789    9.247    9.547    9.668    9.835    9.867   10.067
   10.533   10.603   10.637   10.682   10.813   11.066   11.371   11.562   11.595   11.598
            0.000000  0.243570  0.000000
  -65.228  -65.222  -33.943  -33.866  -33.831  -33.829  -33.790  -33.769  -15.952  -14.902
  -14.711  -14.532   -7.789   -7.145   -6.477   -6.233   -5.840   -5.575   -5.541   -5.053
   -4.596   -4.189   -3.853   -3.710   -1.314   -0.991   -0.931   -0.074    0.705    0.736
    1.856    2.285    2.481    2.625    3.037    3.377    3.417    3.860    3.926    4.085
    4.135    4.301    5.097    5.508    5.891    5.919    6.174    6.471    6.704    6.717
    6.970    7.123    7.144    7.266    7.291    7.550    7.645    7.890    8.155    8.243
    8.685    8.694    8.702    8.918    9.224    9.558    9.634    9.831    9.852   10.070
   10.646   10.675   10.722   10.769   10.811   11.208   11.503   11.577   11.751   11.846
            0.000000  0.216506  0.000000
  -65.228  -65.222  -33.946  -33.867  -33.831  -33.825  -33.784  -33.768  -15.987  -14.921
  -14.709  -14.525   -7.837   -7.182   -6.446   -6.182   -5.854   -5.568   -5.549   -4.959
   -4.581   -4.040   -3.895   -3.630   -1.418   -1.027   -0.953   -0.144    0.752    0.755
    1.913    2.303    2.536    2.549    2.973    3.361    3.364    3.740    3.790    4.021
    4.054    4.269    5.058    5.460    5.768    5.958    6.223    6.407    6.691    6.704
    6.888    7.095    7.103    7.218    7.245    7.471    7.645    7.842    8.110    8.194
    8.693    8.751    8.791    9.029    9.200    9.575    9.607    9.793    9.885   10.082
   10.659   10.686   10.815   10.855   10.896   11.315   11.587   11.610   11.744   11.987
            0.000000  0.189443  0.000000
  -65.228  -65.222  -33.948  -33.868  -33.831  -33.821  -33.780  -33.767  -16.018  -14.938
  -14.706  -14.518   -7.879   -7.216   -6.416   -6.132   -5.868   -5.593   -5.537   -4.852
   -4.570   -3.939   -3.894   -3.556   -1.521   -1.060   -0.980   -0.208    0.776    0.794
    1.982    2.301    2.496    2.597    2.915    3.317    3.339    3.615    3.662    3.965
    3.989    4.245    5.022    5.415    5.649    6.001    6.271    6.353    6.681    6.691
    6.807    7.051    7.078    7.175    7.201    7.406    7.647    7.798    8.066    8.151
    8.709    8.798    8.882    9.117    9.175    9.593    9.603    9.756    9.939   10.108
   10.667   10.673   10.840   10.906   11.025   11.340   11.628   11.642   11.798   11.950
            0.000000  0.162380  0.000000
  -65.228  -65.222  -33.950  -33.868  -33.832  -33.817  -33.775  -33.766  -16.045  -14.953
  -14.704  -14.512   -7.917   -7.246   -6.386   -6.084   -5.881   -5.616   -5.535   -4.743
   -4.562   -3.984   -3.756   -3.488   -1.620   -1.091   -1.013   -0.265    0.798    0.831
    2.059    2.272    2.474    2.660    2.863    3.277    3.313    3.490    3.543    3.917
    3.935    4.227    4.991    5.376    5.535    6.045    6.307    6.317    6.675    6.679
    6.730    7.011    7.052    7.138    7.161    7.354    7.648    7.758    8.025    8.113
    8.729    8.838    8.962    9.153    9.180    9.596    9.645    9.723   10.018   10.148
   10.643   10.687   10.858   10.940   11.088   11.329   11.512   11.743   11.928   11.969
            0.000000  0.135316  0.000000
  -65.228  -65.222  -33.952  -33.869  -33.832  -33.814  -33.772  -33.765  -16.068  -14.966
  -14.702  -14.507   -7.949   -7.271   -6.359   -6.040   -5.892   -5.637   -5.536   -4.637
   -4.556   -4.027   -3.628   -3.429   -1.713   -1.119   -1.050   -0.314    0.819    0.863
    2.143    2.226    2.474    2.725    2.817    3.243    3.286    3.367    3.434    3.877
    3.891    4.214    4.965    5.341    5.431    6.089    6.269    6.359    6.659    6.667
    6.673    6.976    7.028    7.106    7.123    7.312    7.647    7.722    7.989    8.081
    8.749    8.867    9.025    9.133    9.220    9.618    9.694    9.703   10.119   10.202
   10.623   10.699   10.873   10.952   11.099   11.309   11.396   11.808   11.874   11.895
            0.000000  0.108253  0.000000
  -65.229  -65.222  -33.953  -33.870  -33.832  -33.811  -33.768  -33.764  -16.088  -14.977
  -14.700  -14.503   -7.975   -7.292   -6.334   -6.000   -5.902   -5.656   -5.540   -4.552
   -4.540   -4.066   -3.514   -3.378   -1.797   -1.142   -1.089   -0.353    0.839    0.889
    2.179    2.232    2.481    2.778    2.789    3.215    3.250    3.262    3.336    3.845
    3.856    4.205    4.944    5.312    5.340    6.128    6.238    6.398    6.599    6.655
    6.677    6.945    7.006    7.080    7.089    7.279    7.644    7.691    7.957    8.055
    8.768    8.886    9.066    9.117    9.243    9.659    9.670    9.772   10.237   10.265
   10.611   10.709   10.891   10.940   11.079   11.278   11.287   11.749   11.800   11.822
            0.000000  0.081190  0.000000
  -65.229  -65.222  -33.954  -33.870  -33.832  -33.809  -33.766  -33.764  -16.103  -14.986
  -14.699  -14.500   -7.995   -7.308   -6.313   -5.966   -5.910   -5.672   -5.543   -4.550
   -4.457   -4.100   -3.418   -3.337   -1.868   -1.161   -1.126   -0.382    0.857    0.909
    2.138    2.321    2.490    2.746    2.853    3.140    3.193    3.241    3.248    3.820
    3.828    4.199    4.927    5.265    5.289    6.162    6.214    6.432    6.549    6.643
    6.685    6.917    6.989    7.059    7.060    7.255    7.641    7.666    7.932    8.034
    8.782    8.898    9.082    9.112    9.255    9.651    9.712    9.843   10.333   10.364
   10.611   10.717   10.906   10.914   11.045   11.158   11.265   11.629   11.757   11.779
            0.000000  0.054127  0.000000
  -65.229  -65.222  -33.955  -33.870  -33.832  -33.808  -33.764  -33.763  -16.113  -14.992
  -14.698  -14.498   -8.010   -7.320   -6.297   -5.941   -5.915   -5.683   -5.547   -4.549
   -4.394   -4.125   -3.345   -3.308   -1.923   -1.175   -1.158   -0.403    0.871    0.924
    2.107    2.406    2.497    2.722    2.915    3.043    3.170    3.178    3.226    3.803
    3.809    4.195    4.916    5.208    5.272    6.187    6.197    6.459    6.513    6.633
    6.697    6.893    6.976    7.036    7.045    7.238    7.638    7.648    7.913    8.019
    8.793    8.903    9.079    9.118    9.261    9.637    9.763    9.907   10.397   10.495
   10.628   10.723   10.854   10.941   11.005   11.036   11.243   11.525   11.708   11.761
            0.000000  0.027063  0.000000
  -65.229  -65.222  -33.955  -33.871  -33.832  -33.807  -33.763  -33.763  -16.120  -14.996
  -14.697  -14.496   -8.019   -7.327   -6.287   -5.925   -5.919   -5.691   -5.549   -4.549
   -4.354   -4.141   -3.299   -3.289   -1.957   -1.183   -1.179   -0.415    0.880    0.932
    2.088    2.474    2.501    2.705    2.969    2.975    3.100    3.169    3.216    3.793
    3.797    4.193    4.909    5.173    5.261    6.187    6.203    6.477    6.491    6.624
    6.709    6.874    6.969    7.021    7.036    7.228    7.636    7.637    7.902    8.010
    8.800    8.905    9.074    9.122    9.263    9.629    9.800    9.951   10.445   10.622
   10.662   10.729   10.792   10.913   10.967   10.973   11.223   11.455   11.677   11.749
            0.000000  0.000000  0.000000
  -65.229  -65.222  -33.955  -33.871  -33.832  -33.807  -33.763  -33.763  -16.122  -14.997
  -14.697  -14.496   -8.022   -7.330   -6.284   -5.920   -5.920   -5.693   -5.549   -4.549
   -4.340   -4.146   -3.283   -3.283   -1.969   -1.186   -1.186   -0.419    0.883    0.935
    2.082    2.503    2.503    2.699    2.940    3.035    3.037    3.166    3.213    3.789
    3.793    4.192    4.906    5.161    5.258    6.184    6.208    6.484    6.484    6.621
    6.714    6.867    6.966    7.016    7.033    7.225    7.633    7.636    7.898    8.007
    8.802    8.906    9.072    9.124    9.264    9.626    9.813    9.967   10.463   10.695
   10.695   10.748   10.748   10.824   10.959   10.980   11.213   11.430   11.667   11.745
