  -1.4280180e+00   1.5277000e-02   1.4250000e-02  -2.4205000e-02  -1.4879000e-02
   8.4956000e-02   4.7070000e-03   4.6986000e-02   1.1162000e-02   4.2590000e-03
   1.9063000e-02   7.7520000e-03  -4.5700000e-04  -7.0980000e-03   5.4830000e-03
   6.9010000e-03   3.8182000e-02  -8.0720000e-03  -2.5610000e-03  -2.5610000e-03
  -6.0800000e-04  -1.3379000e-02   1.3000000e-03  -2.2780000e-03   3.5100000e-04
   3.4620000e-03  -4.6480000e-03  -7.2300000e-04  -2.1210000e-03   1.5740000e-03
  -1.6785600e-01  -5.1770000e-03  -3.5669400e-01  -1.0029000e-02   7.1020000e-03
   2.5172900e-01   1.2918000e-02   5.4132000e-01  -5.4576000e-02  -3.5090000e-03
   3.5147900e-01   2.2969000e-02  -5.7709700e-01  -5.6170000e-02  -3.9780000e-03
   2.2070000e-03   1.2194000e-02   3.0490000e-03   3.7110000e-03   1.9870000e-03
  -8.7200000e-04  -5.5270000e-03  -1.5440000e-03   6.7000000e-05  -2.8100000e-04
   8.8000000e-05   1.0310000e-03  -1.3220000e-03  -1.1800000e-04  -2.3800000e-04
   8.9446800e-01  -9.9380000e-03  -1.4260000e-03  -8.0080000e-03  -6.1930000e-03
  -5.8881600e-01   9.9040000e-03  -6.6890000e-03   4.4800000e-04   4.8000000e-03
   6.8503000e-02   6.1700000e-04  -5.7280000e-03  -2.7900000e-03  -1.3010000e-03
  -1.4091000e-02  -5.6766000e-02  -6.9872000e-02  -5.2296000e-02  -8.4480000e-03
  -3.2174000e-02   2.0260000e-03   4.8597000e-02   1.4440000e-03   1.2600000e-04
  -1.4740000e-03  -1.0390000e-03  -2.3872000e-02   5.2840000e-03   1.1100000e-03
   1.3333000e-02   9.5500000e-02  -2.3520000e-02  -1.6430000e-03  -7.7060000e-03
   1.3860000e-02  -9.0808000e-02   2.0790000e-02   7.1710000e-03   6.1380000e-03
  -1.2181000e-02  -1.1131000e-02  -2.9510000e-03   4.7810000e-03   1.1460000e-03
  -2.5998100e-01   1.5770000e-03  -5.4914800e-01  -2.8730000e-03   2.6950000e-03
   2.1542400e-01  -1.1750000e-03   4.7540300e-01   5.2320000e-03  -2.2680000e-03
  -3.2862500e-01  -6.3400000e-04   5.3541400e-01   4.6020000e-03   2.6710000e-03
   4.0232000e-02   4.4720000e-03   1.0989000e-02   9.4430000e-03   4.7080000e-03
  -1.8154000e-02  -3.5770000e-03  -9.5910000e-03  -2.6050000e-03  -3.0910000e-03
   1.7550000e-03   5.5400000e-04   5.6670000e-03  -1.8500000e-04   6.9100000e-04
   8.4956000e-02   2.7452000e-02   4.5582000e-02  -2.1013000e-02  -1.0170000e-03
  -1.2991850e+00   1.4089000e-02   7.5005000e-02   5.2150000e-02   3.9771000e-02
  -8.7910000e-03  -1.5211000e-02  -8.1720000e-03   2.7927000e-02  -1.3089000e-02
  -6.0800000e-04  -1.3378000e-02   4.6000000e-04   3.5000000e-04  -2.2780000e-03
  -4.7080000e-03   3.9000000e-03   5.9300000e-04  -4.5800000e-04  -4.5800000e-04
   1.5400000e-03   3.0690000e-03  -2.8980000e-03  -7.8100000e-04  -1.3700000e-03
   2.5699800e-01   7.2225000e-02   4.4150100e-01   1.6807700e-01  -2.6300000e-03
   3.8881000e-01  -2.7713000e-02   7.2308400e-01  -1.1217000e-01   6.5230000e-03
   7.5307100e-01  -2.5258000e-02  -1.2232040e+00  -5.3360000e-03   8.4200000e-04
  -4.2700000e-04   4.7100000e-04   4.0000000e-05  -5.9560000e-03  -9.8400000e-04
   8.9500000e-04   2.1000000e-04   7.0200000e-04   5.4100000e-03   2.0300000e-04
   1.4730000e-03   2.6600000e-03  -1.8900000e-04  -2.7500000e-03  -1.1300000e-04
  -6.0487900e-01   4.6100000e-03  -4.9270000e-03  -3.8640000e-03  -3.8760000e-03
   6.8332000e-02  -3.3230000e-03  -1.2516000e-02  -2.0100000e-04  -6.0500000e-04
  -4.8922000e-02   3.6400000e-04  -4.6960000e-03  -8.6450000e-03  -1.7160000e-03
   6.5585000e-02   3.1749000e-02  -3.0276000e-02   2.6262000e-02   6.8950000e-03
   3.5646000e-02   3.1800000e-04  -2.3470000e-03   8.6530000e-03  -8.8500000e-04
   5.0371000e-02  -1.4488000e-02  -1.1220000e-03   1.3006000e-02   4.9200000e-04
   2.4700000e-02  -1.6295000e-02   5.2010000e-03  -3.4700000e-03   2.4240000e-03
  -4.4380000e-03   6.0783000e-02   1.7820000e-03   3.0890000e-03  -2.6840000e-03
   2.9510000e-03  -9.6300000e-04   2.3500000e-03  -2.8970000e-03   2.2660000e-03
   1.4224900e-01   1.8540000e-03   3.4001400e-01  -1.0185000e-02   1.3220000e-03
   3.3912900e-01  -1.8680000e-03   9.6273900e-01  -9.2800000e-04   1.7670000e-03
  -7.0553100e-01   6.6700000e-03   1.2505710e+00  -1.0940000e-03  -3.4710000e-03
  -1.0181000e-02  -6.6000000e-04  -1.9194000e-02   7.1000000e-04  -2.3490000e-03
   2.6870000e-03   2.2520000e-03   9.0820000e-03  -3.2350000e-03   1.0360000e-03
  -5.5760000e-03   1.2400000e-04  -9.4600000e-04  -2.6500000e-04   1.9900000e-04
   1.9063000e-02  -1.3716000e-02  -6.0040000e-03  -2.7325000e-02   2.1913000e-02
  -8.7910000e-03   1.2158000e-02   1.2310000e-03   3.0025000e-02  -4.1305000e-02
  -1.3398990e+00  -2.9922000e-02   1.2041000e-02   1.5200000e-02   1.2798000e-02
  -3.4620000e-03   4.6470000e-03   3.3730000e-03  -1.5740000e-03   2.1220000e-03
  -1.5400000e-03  -3.0690000e-03  -1.7120000e-03   1.3710000e-03   7.8100000e-04
  -4.0160000e-03  -2.2720000e-03   1.8540000e-03   4.1800000e-04   4.1800000e-04
   2.6860700e-01  -6.2127000e-02  -4.0080000e-01   9.7520000e-02   2.1870000e-03
   8.0822200e-01   5.1635000e-02  -1.2309530e+00  -1.0244600e-01   2.1590000e-03
   6.5250400e-01  -1.6250000e-03   6.1894600e-01  -2.3767000e-02   1.9580000e-03
   4.3680000e-03   7.0130000e-03  -3.0790000e-03  -2.2300000e-04  -2.4640000e-03
   4.3200000e-04   1.9450000e-03  -9.9200000e-04  -4.9940000e-03  -4.0000000e-04
  -4.2400000e-04   1.7200000e-04   1.4080000e-03   2.6260000e-03  -7.1000000e-05
   1.5492100e-01  -3.9030000e-03  -2.2001000e-02  -8.3450000e-03   1.2239000e-02
  -4.8591000e-02   6.9720000e-03  -6.3990000e-03   1.8290000e-03  -3.9930000e-03
  -2.2146000e-01   7.8330000e-03   2.0844000e-02  -7.1620000e-03  -2.8620000e-03
   1.4617000e-02  -8.1790000e-03   2.7930000e-02  -6.1290000e-03  -4.9160000e-03
  -2.7948000e-02  -2.4777000e-02  -3.5120000e-03   2.9046000e-02   9.6440000e-03
   1.5451000e-02   3.2230000e-03   2.1412000e-02   8.3750000e-03   2.4400000e-04
   1.0293000e-02   2.2427000e-02   3.8720000e-03  -6.7870000e-03  -1.1790000e-03
   2.2975000e-02  -1.9095000e-02  -1.5137000e-02   1.4630000e-03  -1.4390000e-03
  -1.1155000e-02   2.8532000e-02   1.8309000e-02  -4.6260000e-03  -6.6700000e-04
  -6.1989000e-02   1.3510000e-03   1.1711500e-01  -9.8470000e-03  -4.6300000e-03
  -7.5537200e-01  -9.6300000e-04   1.3560130e+00  -2.7070000e-03  -1.5990000e-03
   7.0507100e-01  -2.0370000e-03   4.9472000e-01  -5.2060000e-03   2.6200000e-04
   2.9800000e-04  -3.5380000e-03   1.2436000e-02   5.1880000e-03   1.5340000e-03
  -8.6390000e-03  -2.1060000e-03   5.2700000e-04  -6.0400000e-04   1.2050000e-03
   4.5700000e-04   3.6000000e-04  -3.7440000e-03  -1.2200000e-03  -2.8900000e-04
   6.9010000e-03  -1.6420000e-03  -8.0720000e-03  -1.2480000e-03  -1.2480000e-03
  -6.0800000e-04   8.8900000e-04   1.3000000e-03   1.5500000e-03   2.9090000e-03
  -3.4620000e-03  -1.7720000e-03   7.2300000e-04   2.6530000e-03   7.8900000e-04
  -1.4279650e+00   1.5276000e-02   1.4249000e-02  -1.4880000e-02  -2.4204000e-02
   8.4955000e-02   2.7453000e-02   4.6986000e-02  -1.0180000e-03  -2.1013000e-02
  -1.9065000e-02   1.3713000e-02   4.5600000e-04  -2.1912000e-02   2.7327000e-02
   4.0232000e-02   1.0643000e-02   1.0990000e-02   6.1210000e-03   4.0160000e-03
  -1.8156000e-02  -5.0990000e-03  -9.5920000e-03  -9.1500000e-04  -2.3810000e-03
  -1.7550000e-03  -3.4220000e-03  -5.6670000e-03   2.9700000e-04   7.1200000e-04
  -2.5998100e-01   4.2910000e-03  -5.4914800e-01   1.0676000e-02   1.2510000e-03
   2.1544100e-01  -9.1719000e-02   4.7536600e-01  -1.7520800e-01  -1.1710000e-03
   3.2864700e-01   9.9886000e-02  -5.3539000e-01  -1.2928600e-01  -3.8220000e-03
   1.3332000e-02  -4.2500000e-03  -2.3521000e-02  -5.9300000e-03  -5.5260000e-03
   1.3862000e-02   1.6210000e-03   2.0790000e-02   6.3420000e-03   7.4300000e-04
   1.2180000e-02   5.1900000e-04   2.9490000e-03  -2.0670000e-03  -1.9440000e-03
  -1.4091000e-02  -1.5158000e-02  -6.9874000e-02  -1.5934000e-02  -1.0823000e-02
  -3.2175000e-02  -7.8800000e-04   4.8596000e-02  -4.1110000e-03   6.6700000e-04
   1.4690000e-03  -1.5880000e-03   2.3880000e-02   1.0000000e-04  -3.0750000e-03
   8.9445500e-01  -2.4854000e-02  -1.4260000e-03   2.9878000e-02   1.2063000e-02
  -5.8883400e-01  -2.7856000e-02  -6.6890000e-03   2.5750000e-03   6.5580000e-03
  -6.8497000e-02   1.4829000e-02   5.7310000e-03  -2.6400000e-03   1.9660000e-03
   2.2070000e-03   1.0290000e-03   3.0490000e-03   1.5880000e-03   1.1160000e-03
  -8.7200000e-04   5.3400000e-04  -1.5440000e-03  -1.7090000e-03  -7.7400000e-04
  -8.8000000e-05   7.3800000e-04   1.3220000e-03   5.7900000e-04  -3.1500000e-04
  -1.6787000e-01   6.7700000e-03  -3.5671100e-01   2.7390000e-03   2.2700000e-03
   2.5171100e-01  -7.1880000e-03   5.4131400e-01   1.6330000e-03  -9.7750000e-03
  -3.5144500e-01  -1.4590000e-03   5.7712900e-01   9.3810000e-03   1.2281000e-02
  -6.0800000e-04   8.8900000e-04   4.6000000e-04   2.9090000e-03   1.5500000e-03
  -4.7080000e-03   1.1700000e-03   5.9300000e-04   2.5400000e-04   2.5300000e-04
  -1.5400000e-03  -1.4140000e-03   2.8980000e-03   1.1380000e-03   6.8800000e-04
   8.4955000e-02   4.7060000e-03   4.5583000e-02   4.2600000e-03   1.1162000e-02
  -1.2991270e+00   1.4089000e-02   7.5005000e-02   3.9774000e-02   5.2147000e-02
   8.7850000e-03  -1.2160000e-02   8.1670000e-03   4.1303000e-02  -3.0027000e-02
  -1.0182000e-02  -2.5650000e-03  -1.9194000e-02  -6.8890000e-03  -1.1030000e-03
   2.6870000e-03   3.1270000e-03   9.0830000e-03   4.4440000e-03   4.6240000e-03
   5.5760000e-03   1.1310000e-03   9.4600000e-04  -1.1310000e-03  -2.8740000e-03
   1.4224700e-01   9.2628000e-02   3.4000600e-01   1.7469000e-01  -3.5230000e-03
   3.3915500e-01   5.2799000e-02   9.6269800e-01   3.7398000e-02   4.4770000e-03
   7.0557000e-01  -7.6115000e-02  -1.2505310e+00   9.4312000e-02  -1.6340000e-03
   2.4700000e-02   5.0800000e-03   5.2000000e-03  -6.5600000e-04  -5.2300000e-04
  -4.4390000e-03  -5.3300000e-04   1.7810000e-03  -8.5600000e-04  -7.2040000e-03
  -2.9500000e-03  -3.1730000e-03  -2.3510000e-03  -6.0260000e-03   8.8000000e-05
   6.5584000e-02   7.5760000e-03  -3.0278000e-02   9.8960000e-03  -2.0910000e-03
   3.5649000e-02  -4.4880000e-03  -2.3410000e-03  -1.0148000e-02   2.4409000e-02
  -5.0364000e-02   4.1910000e-03   1.1240000e-03  -1.3503000e-02  -2.1949000e-02
  -6.0488100e-01  -6.5570000e-02  -4.9260000e-03   7.2412000e-02   3.8036000e-02
   6.8345000e-02  -7.1987000e-02  -1.2516000e-02   7.7110000e-02   4.4722000e-02
   4.8941000e-02   1.7723000e-02   4.7010000e-03   4.7720000e-02  -3.6869000e-02
  -4.2700000e-04  -1.4580000e-03   4.1000000e-05  -4.3100000e-04   1.4500000e-04
   8.9500000e-04   1.2590000e-03   7.0200000e-04  -5.2700000e-04  -1.8000000e-04
  -1.4730000e-03   1.4100000e-04   1.8900000e-04   5.6700000e-04   0.0000000e+00
   2.5697900e-01  -1.5300000e-03   4.4148000e-01  -7.4350000e-03   2.5600000e-03
   3.8881600e-01  -3.6500000e-03   7.2310300e-01   5.3000000e-05   5.6650000e-03
  -7.5302200e-01   3.7000000e-03   1.2232770e+00  -9.4600000e-04  -7.5320000e-03
   3.4620000e-03   1.7720000e-03  -3.3730000e-03  -7.9000000e-04  -2.6530000e-03
   1.5400000e-03   1.4130000e-03   1.7120000e-03  -6.8800000e-04  -1.1380000e-03
  -4.0160000e-03   1.2460000e-03   1.8540000e-03  -2.3800000e-03  -2.3800000e-03
  -1.9065000e-02  -7.7540000e-03   6.0000000e-03  -5.4830000e-03   7.0990000e-03
   8.7850000e-03   1.5208000e-02  -1.2350000e-03   1.3088000e-02  -2.7929000e-02
  -1.3398400e+00  -2.9922000e-02   1.2040000e-02   1.2796000e-02   1.5202000e-02
  -2.9800000e-04   3.6350000e-03  -1.2436000e-02  -5.5730000e-03  -3.1210000e-03
   8.6400000e-03   7.5800000e-03  -5.2700000e-04  -4.9610000e-03  -3.2760000e-03
   4.5600000e-04   2.0550000e-03  -3.7430000e-03  -5.4090000e-03   1.9890000e-03
   6.1986000e-02  -6.7998000e-02  -1.1711100e-01   1.1485600e-01   2.3130000e-03
   7.5533900e-01   2.5617000e-02  -1.3560750e+00  -6.6737000e-02   1.0600000e-04
   7.0504000e-01  -5.0420000e-03   4.9477000e-01  -1.7079000e-02   5.1500000e-03
  -1.0294000e-02  -1.3780000e-03  -3.8710000e-03   5.8300000e-04   3.2500000e-03
  -2.2975000e-02  -4.5760000e-03   1.5138000e-02   7.2670000e-03   3.7990000e-03
  -1.1156000e-02  -5.6650000e-03   1.8309000e-02   6.6240000e-03   6.8140000e-03
  -1.4621000e-02  -5.2870000e-03  -2.7926000e-02   4.4610000e-03   1.2253000e-02
   2.7948000e-02   3.1452000e-02   3.5060000e-03  -2.0028000e-02  -4.2831000e-02
   1.5453000e-02  -2.3320000e-03   2.1419000e-02   1.3790000e-03   2.7511000e-02
  -1.5493500e-01  -5.3680000e-03   2.2004000e-02   5.9675000e-02  -5.8963000e-02
   4.8575000e-02  -2.8360000e-02   6.4040000e-03   4.6732000e-02  -4.8955000e-02
  -2.2145800e-01   4.8000000e-04   2.0841000e-02   6.2103000e-02   5.8476000e-02
  -4.3680000e-03  -8.0000000e-06   3.0790000e-03   1.9200000e-04   4.6400000e-04
  -4.3200000e-04  -1.7920000e-03   9.9200000e-04   8.7800000e-04   1.8790000e-03
  -4.2400000e-04  -1.6570000e-03   1.4070000e-03   5.8200000e-04  -8.8000000e-05
  -2.6859300e-01   3.7480000e-03   4.0074200e-01  -7.7810000e-03  -3.8170000e-03
  -8.0828500e-01   1.8000000e-03   1.2308920e+00  -5.7250000e-03  -1.8500000e-04
   6.5250900e-01   1.6800000e-03   6.1893600e-01  -4.3990000e-03  -2.9110000e-03
  -1.6785600e-01   6.7700000e-03   1.1784000e-02   2.2700000e-03   2.7390000e-03
   2.5699800e-01  -1.5300000e-03   3.4900000e-04   2.5610000e-03  -7.4350000e-03
   2.6860700e-01  -3.7470000e-03   1.2594000e-02   3.8170000e-03   7.7810000e-03
   4.0232000e-02   4.4720000e-03   6.5250000e-03   4.7080000e-03   9.4430000e-03
  -1.0182000e-02  -6.6000000e-04  -4.2120000e-03  -2.3490000e-03   7.1000000e-04
  -2.9800000e-04   3.5380000e-03  -2.6500000e-03  -1.5340000e-03  -5.1880000e-03
  -1.4827740e+00  -3.9680000e-02  -2.8629000e-02  -1.3090000e-03  -6.7620000e-03
  -2.3328000e-02  -1.2980000e-03   5.6256000e-02  -1.2900000e-04   1.1768000e-02
  -1.1125000e-02   2.1308000e-02  -4.9200000e-03   2.1160000e-03  -9.8470000e-03
  -1.4976000e-02   2.6841000e-02  -2.2677000e-02  -1.0369000e-02  -6.7940000e-03
   1.3384000e-02  -1.6180000e-02  -2.0820000e-03   1.9620000e-03   1.4450000e-03
   2.0480000e-03  -8.0680000e-03   1.4200000e-03   2.8700000e-03   1.9810000e-03
   8.4989000e-02   1.1050000e-02   1.2861000e-02   6.6210000e-03   1.0115000e-02
   9.6780000e-03  -4.3880000e-03  -1.4251000e-02  -6.6340000e-03  -8.5770000e-03
   6.0599000e-02   4.4730000e-03  -6.1590000e-03  -5.0020000e-03  -3.6870000e-03
   1.1726340e+00  -3.8440000e-03  -3.5770000e-03  -1.2020000e-03   1.7970000e-03
  -2.3150300e-01  -1.7800000e-03  -7.5400000e-03  -8.7700000e-04   5.2240000e-03
  -1.5266300e-01   4.1500000e-04  -1.5557000e-02  -2.5780000e-03  -3.4620000e-03
   5.8723000e-02   3.7169000e-02   2.2948000e-02   1.0794000e-02   3.9204000e-02
  -6.3319000e-02  -4.1503000e-02  -1.2194000e-02  -6.2560000e-03  -1.3470000e-02
   1.4729000e-02  -9.4520000e-03   9.3830000e-03   5.7220000e-03   2.1740000e-03
  -1.9040000e-02  -2.6350000e-03   3.1165000e-02  -5.8160000e-03  -3.9670000e-03
  -2.5836000e-02   2.7260000e-03   1.9502000e-02   3.9300000e-04  -1.5510000e-03
  -3.2012000e-02  -2.2600000e-04   1.0600000e-03   2.1500000e-04   3.2050000e-03
   1.0198000e-02  -1.5807000e-02  -2.3834000e-02  -6.8360000e-03  -6.8360000e-03
  -6.3210000e-03   5.4930000e-03   2.0907000e-02   3.6160000e-03   5.1400000e-03
   2.1365000e-02  -6.6000000e-04  -4.8470000e-03  -1.7530000e-03  -9.6800000e-04
   2.5172900e-01  -7.1880000e-03  -3.0350000e-03  -9.7750000e-03   1.6330000e-03
   3.8881000e-01  -3.6490000e-03   2.2810000e-03   5.6650000e-03   5.3000000e-05
   8.0822200e-01  -1.7990000e-03   1.6000000e-02   1.8500000e-04   5.7250000e-03
  -1.8156000e-02  -3.5780000e-03  -3.4620000e-03  -3.0910000e-03  -2.6060000e-03
   2.6870000e-03   2.2520000e-03   1.3760000e-03   1.0360000e-03  -3.2340000e-03
   8.6400000e-03   2.1060000e-03  -1.9040000e-03  -1.2050000e-03   6.0400000e-04
  -2.3328000e-02  -1.1393000e-02   4.4757000e-02  -9.8800000e-03  -7.5900000e-04
  -1.3778050e+00   3.0550000e-03   4.2048000e-02  -6.7300000e-04   3.2790000e-03
  -7.8084000e-02  -3.2700000e-03  -1.0902700e-01  -5.2700000e-04   8.0540000e-03
   1.2247000e-02  -9.7330000e-03   5.5510000e-03   3.6970000e-03   9.9000000e-04
   8.3900000e-04   1.0184000e-02  -9.1740000e-03  -4.9250000e-03  -4.0770000e-03
   6.4900000e-04   5.1160000e-03   2.8640000e-03  -1.4770000e-03  -2.1920000e-03
  -4.5399000e-02  -4.5520000e-03  -1.2088000e-02  -6.7470000e-03  -4.4480000e-03
   1.4060000e-03   8.4690000e-03   2.5780000e-03   1.4180000e-03   2.2740000e-03
   1.6110000e-03   7.3460000e-03  -2.5040000e-03  -5.2940000e-03  -7.4350000e-03
  -5.2102100e-01   5.7770000e-03  -3.7900000e-04   5.6600000e-04  -3.0980000e-03
  -2.0490200e-01  -6.0360000e-03   8.2550000e-03   2.1620000e-03   2.9070000e-03
   5.8538000e-02   1.8300000e-04  -2.1490000e-03  -9.6900000e-04  -4.7800000e-04
  -4.6657000e-02  -2.6354000e-02  -7.1170000e-03  -5.6880000e-03  -1.7146000e-02
   7.1049000e-02   2.4516000e-02   2.2290000e-03   2.5210000e-03   1.3926000e-02
  -5.0340000e-02  -1.3142000e-02   8.0470000e-03   1.6370000e-03   5.2970000e-03
   3.8600000e-03   4.2520000e-03  -2.2830000e-03  -1.5040000e-03   1.9080000e-03
  -1.1929200e-01   2.2790000e-03   9.1078000e-02  -8.3000000e-04  -9.6700000e-04
  -1.0071500e-01   4.6140000e-03   1.3210000e-02   0.0000000e+00  -1.3800000e-04
  -6.3210000e-03   5.4930000e-03   1.9712000e-02   5.1400000e-03   3.6160000e-03
  -5.2380000e-03  -7.8820000e-03   1.1340000e-03   2.2700000e-03   2.2710000e-03
  -1.1446000e-02  -4.9700000e-04   4.0540000e-03   1.7710000e-03   1.9120000e-03
   3.5147900e-01   1.4580000e-03   1.3150000e-02  -1.2281000e-02  -9.3810000e-03
   7.5307100e-01  -3.7000000e-03   2.9242000e-02   7.5310000e-03   9.4600000e-04
   6.5250400e-01   1.6810000e-03   2.6085000e-02  -2.9120000e-03  -4.3980000e-03
  -1.7550000e-03  -5.5400000e-04  -8.0000000e-04  -6.9200000e-04   1.8500000e-04
   5.5760000e-03  -1.2400000e-04   3.8400000e-04  -1.9900000e-04   2.6500000e-04
   4.5600000e-04   3.6000000e-04   1.1000000e-05  -2.8900000e-04  -1.2190000e-03
  -1.1125000e-02   1.5678000e-02   2.8326000e-02  -8.9470000e-03   3.6140000e-03
  -7.8084000e-02  -7.8470000e-03   9.5982000e-02  -1.0151000e-02  -6.9320000e-03
  -1.4457170e+00   3.5200000e-03   1.2334000e-01  -1.4832000e-02   3.8090000e-03
   2.0200000e-04  -1.3416000e-02   5.6120000e-03   2.4140000e-03   2.9840000e-03
  -2.8790000e-03   7.0640000e-03   5.3950000e-03  -4.1200000e-04  -1.3080000e-03
   3.1230000e-03  -1.4850000e-03  -6.0740000e-03  -3.8400000e-04   2.0500000e-04
  -1.1667000e-02  -3.1230000e-03  -5.6800000e-04  -2.1190000e-03  -2.9570000e-03
  -3.7489000e-02   3.5920000e-03  -1.5100000e-03   1.5810000e-03   9.8000000e-04
  -1.4205000e-02   1.0560000e-03  -3.7730000e-03  -7.5300000e-04   7.3900000e-04
  -1.6469800e-01   7.2900000e-04  -5.0550000e-03  -1.1630000e-03   6.5300000e-04
   1.9904000e-02  -4.4900000e-04  -4.8200000e-04   3.8210000e-03   4.5170000e-03
  -2.3954000e-01  -2.6400000e-04   8.7100000e-04   3.1210000e-03   7.4700000e-04
   1.6151000e-02  -8.0990000e-03  -5.5820000e-03  -2.2320000e-03   2.7590000e-03
  -2.1122000e-02   5.8750000e-03   2.4710000e-03   3.0880000e-03  -3.8640000e-03
   7.2540000e-03   1.4950000e-03   8.6800000e-04   3.2900000e-04  -8.1200000e-04
   2.0037000e-02   2.1690000e-03   5.3210000e-03  -3.7630000e-03   9.9000000e-05
   1.0877400e-01  -4.3550000e-03   1.0704300e-01   1.7440000e-03  -1.1540000e-03
   1.1373000e-02  -4.3390000e-03   7.9418000e-02  -6.6100000e-04  -1.2670000e-03
  -2.1364000e-02   6.6100000e-04   1.9640000e-03   9.6800000e-04   1.7530000e-03
   1.1446000e-02   4.9700000e-04  -4.0300000e-03  -1.9120000e-03  -1.7710000e-03
   4.0920000e-03   7.1000000e-04   6.8100000e-04  -7.9800000e-04  -7.9800000e-04
   2.2070000e-03   1.0290000e-03   1.3600000e-03   1.1160000e-03   1.5880000e-03
  -4.2700000e-04  -1.4580000e-03  -3.2190000e-03   1.4500000e-04  -4.3100000e-04
   4.3680000e-03   8.0000000e-06  -4.6200000e-03  -4.6400000e-04  -1.9200000e-04
  -2.5998100e-01   1.5770000e-03   5.6560000e-03   2.6950000e-03  -2.8720000e-03
   1.4224700e-01   1.8540000e-03  -7.0350000e-03   1.3220000e-03  -1.0184000e-02
   6.1986000e-02  -1.3510000e-03  -4.9100000e-04   4.6300000e-03   9.8480000e-03
  -1.4976000e-02  -5.3560000e-03  -1.0830000e-02  -4.4210000e-03  -6.1570000e-03
   1.2247000e-02   2.9730000e-03  -2.3700000e-03   2.8960000e-03   1.6700000e-03
   2.0200000e-04  -2.2000000e-05  -2.0350000e-03   1.7090000e-03   2.2560000e-03
  -1.2178930e+00  -1.2998000e-02  -3.2375000e-02   1.1346000e-02   6.8830000e-03
  -1.0708600e-01  -1.5774000e-02  -1.2760000e-03   1.0697000e-02   1.5745000e-02
   1.3536000e-02   2.1067000e-02  -3.0274000e-02   1.1410000e-02  -2.0904000e-02
   7.9100000e-03   3.9630000e-03   6.6620000e-03   2.5070000e-03   3.7680000e-03
  -1.8390000e-03  -1.2690000e-03  -1.0660000e-02  -3.1890000e-03  -1.8690000e-03
   3.0510000e-03  -1.3000000e-04  -2.1130000e-03  -2.3400000e-04  -5.8700000e-04
   5.2677000e-02   7.6820000e-03   1.1315000e-02   4.9800000e-03   4.1900000e-03
   3.0140000e-02   4.2190000e-03  -1.3515000e-02  -1.3390000e-03  -3.0020000e-03
   6.1780000e-03   1.6700000e-04  -1.5822000e-02  -2.1470000e-03   1.5150000e-03
   4.4637000e-02   1.4940000e-03   5.3840000e-03   5.4330000e-03   7.6210000e-03
  -8.8705000e-02  -8.7400000e-04   2.2920000e-03   4.5530000e-03  -5.0810000e-03
  -1.6000000e-03  -2.9770000e-03   1.7580000e-03   4.1680000e-03   2.2950000e-03
  -1.9980000e-03  -1.0710000e-03  -2.5450000e-03  -1.2320000e-03  -1.2320000e-03
  -6.0900000e-04   4.5200000e-04   3.5470000e-03   5.4100000e-04   7.1600000e-04
   1.9700000e-04   7.2000000e-05   3.5900000e-04  -5.4100000e-04  -4.3800000e-04
  -1.9041000e-02  -2.6350000e-03   3.1739000e-02  -3.9680000e-03  -5.8160000e-03
   3.8600000e-03   4.2520000e-03  -6.0570000e-03   1.9080000e-03  -1.5040000e-03
  -2.0036000e-02  -2.1690000e-03  -1.3490000e-03  -9.9000000e-05   3.7630000e-03
  -8.7200000e-04   5.3400000e-04  -1.6300000e-03  -7.7400000e-04  -1.7090000e-03
   8.9500000e-04   1.2590000e-03  -5.8500000e-04  -1.8000000e-04  -5.2700000e-04
   4.3200000e-04   1.7920000e-03  -1.4070000e-03  -1.8790000e-03  -8.7800000e-04
   2.1544100e-01  -1.1750000e-03  -6.7930000e-03  -2.2680000e-03   5.2320000e-03
   3.3915500e-01  -1.8680000e-03  -1.0677000e-02   1.7670000e-03  -9.2800000e-04
   7.5533900e-01   9.6200000e-04   1.5120000e-03   1.5990000e-03   2.7070000e-03
   1.3384000e-02   4.0120000e-03  -1.8260000e-03  -9.4100000e-04  -1.0890000e-03
   8.3900000e-04   1.1290000e-03  -5.8870000e-03  -3.1310000e-03  -4.4470000e-03
  -2.8790000e-03   2.4740000e-03  -2.0000000e-03  -1.2820000e-03   9.2000000e-05
  -1.0708600e-01  -2.2510000e-02  -6.6200000e-04  -7.4310000e-03  -3.8480000e-03
  -1.1523530e+00   1.2631000e-02  -1.3530000e-02  -6.5690000e-03  -5.6880000e-03
  -1.0014000e-01  -1.8690000e-03  -1.8321900e-01  -2.8860000e-03   8.9330000e-03
  -7.5890000e-03  -1.6200000e-03  -3.2260000e-03  -1.7720000e-03   6.0300000e-04
  -7.4000000e-05  -8.3500000e-04   4.9300000e-03   1.8230000e-03   2.4140000e-03
  -1.9240000e-03  -4.2260000e-03   6.5590000e-03   2.1750000e-03   2.7590000e-03
  -2.9720000e-03  -4.8400000e-03  -9.9670000e-03  -1.1100000e-04   8.8000000e-04
   2.8005000e-02   8.1270000e-03  -4.5220000e-03  -1.0469000e-02  -1.0090000e-02
   1.0523000e-02  -4.7500000e-04   1.2190000e-03  -3.3160000e-03  -2.5080000e-03
   3.9793000e-02  -2.2200000e-04   5.7700000e-04   1.6616000e-02   6.2040000e-03
   6.7820000e-03   2.6740000e-03   3.4740000e-03   1.6410000e-02   1.9174000e-02
   5.8608000e-02  -1.3644000e-02   3.1570000e-03   1.2466000e-02  -8.0950000e-03
  -6.0900000e-04   4.5200000e-04   2.1410000e-03   7.1600000e-04   5.4100000e-04
  -1.6640000e-03  -1.4340000e-03   1.3230000e-03   1.2650000e-03   1.2650000e-03
  -5.0000000e-06  -5.7800000e-04   5.0600000e-04   5.5600000e-04   7.2600000e-04
  -2.5829000e-02   2.7260000e-03   1.7422000e-02  -1.5510000e-03   3.9300000e-04
  -1.1928800e-01   2.2790000e-03   7.3881000e-02  -9.6700000e-04  -8.3000000e-04
  -1.0878000e-01   4.3550000e-03   2.5477000e-02   1.1540000e-03  -1.7440000e-03
   8.8000000e-05  -7.3800000e-04  -7.1800000e-04   3.1500000e-04  -5.7900000e-04
   1.4730000e-03  -1.4100000e-04  -8.6600000e-04   0.0000000e+00  -5.6700000e-04
  -4.2400000e-04  -1.6580000e-03  -7.5400000e-04  -8.8000000e-05   5.8200000e-04
   3.2864700e-01   6.3400000e-04   1.6297000e-02  -2.6710000e-03  -4.6020000e-03
   7.0557000e-01  -6.6700000e-03   3.7203000e-02   3.4710000e-03   1.0930000e-03
   7.0504000e-01  -2.0360000e-03   4.4384000e-02   2.6200000e-04  -5.2060000e-03
   2.0480000e-03   1.3170000e-03  -3.9890000e-03  -9.6400000e-04  -1.2310000e-03
   6.4900000e-04  -1.8550000e-03  -2.5350000e-03   1.7070000e-03  -7.9700000e-04
   3.1230000e-03  -4.7900000e-04  -1.7790000e-03  -6.2600000e-04   1.2920000e-03
   1.3536000e-02   7.0320000e-03   2.8027000e-02  -4.4100000e-04  -5.1700000e-03
  -1.0014000e-01  -7.2090000e-03   1.8129900e-01  -6.5070000e-03  -4.0090000e-03
  -1.2596620e+00  -3.6960000e-03   2.0191900e-01  -6.9030000e-03  -2.3500000e-04
   2.5470000e-03   1.5960000e-03  -3.9730000e-03  -1.5130000e-03  -7.3300000e-04
   1.0760000e-03   8.2500000e-04  -1.5150000e-03   1.2460000e-03  -3.6100000e-04
   6.6370000e-03   2.6750000e-03  -1.4130000e-03  -3.2500000e-04   1.3400000e-03
  -1.2496000e-02  -2.0490000e-03  -4.7150000e-03   2.1440000e-03  -7.3100000e-04
   8.0100000e-03   6.5010000e-03  -4.7970000e-03  -3.6660000e-03   9.0310000e-03
   1.4429000e-02   3.4350000e-03  -6.5920000e-03  -1.0750000e-03  -8.4400000e-04
   2.3781000e-02  -8.9450000e-03   6.0690000e-03   2.4103000e-02   2.0890000e-03
  -1.6314000e-02  -1.1980000e-02   5.8900000e-04   2.3587000e-02  -4.4510000e-03
   1.3133000e-02  -4.3110000e-03   4.9570000e-03   2.3197000e-02  -4.9010000e-03
  -1.9700000e-04  -7.2000000e-05   1.0500000e-03   4.3800000e-04   5.4100000e-04
   5.0000000e-06   5.7800000e-04   1.4740000e-03  -7.2700000e-04  -5.5600000e-04
  -4.3600000e-04  -6.4500000e-04   1.4610000e-03  -2.6300000e-04  -2.6300000e-04
   3.2007000e-02   2.2600000e-04   2.7929000e-02  -3.2050000e-03  -2.1400000e-04
   1.0071300e-01  -4.6140000e-03   9.8259000e-02   1.3800000e-04   0.0000000e+00
   1.1376000e-02  -4.3390000e-03   8.0858000e-02  -1.2670000e-03  -6.6100000e-04
   8.9446800e-01  -2.4855000e-02  -1.7093000e-02   1.2065000e-02   2.9878000e-02
  -6.0487900e-01  -6.5571000e-02  -3.7300000e-04   3.8041000e-02   7.2405000e-02
   1.5492100e-01   5.3720000e-03   1.8634000e-02   5.8964000e-02  -5.9675000e-02
   1.3332000e-02   9.5500000e-02  -1.7823000e-02  -7.7060000e-03  -1.6440000e-03
   2.4700000e-02  -1.6296000e-02  -1.6410000e-03   2.4250000e-03  -3.4690000e-03
  -1.0294000e-02  -2.2427000e-02   1.2268000e-02   1.1790000e-03   6.7870000e-03
   8.4989000e-02   8.2266000e-02   7.6250000e-02   9.5438000e-02   1.1397000e-02
  -4.5399000e-02   3.9749000e-01   3.2150000e-03   4.2254700e-01  -7.3310000e-03
  -1.1667000e-02  -4.5547200e-01  -3.8779000e-02   4.0315500e-01   1.2590000e-03
   7.9100000e-03   1.3706000e-02   5.5840000e-03   1.8862000e-02   7.2870000e-03
  -7.5890000e-03  -1.2545000e-02   3.2810000e-03  -1.9559000e-02  -1.1500000e-03
   2.5470000e-03  -7.0330000e-03  -9.3630000e-03   1.6765000e-02  -2.1170000e-03
  -1.4509820e+00  -4.2406000e-02  -4.4993000e-02  -1.6384000e-02  -9.2520000e-03
  -8.1130000e-03   2.3640000e-03   6.4441000e-02   7.1600000e-04  -6.7670000e-03
   1.5080000e-03  -1.3313000e-02   2.5560000e-02   7.9300000e-04   8.6110000e-03
  -5.6493900e-01  -1.4523300e-01  -2.9797300e-01  -8.9437000e-02  -8.6680000e-03
   3.6339700e-01   1.1859100e-01   1.8604500e-01   5.5844000e-02  -3.1980000e-03
   4.9817400e-01  -7.9172000e-02  -3.1367500e-01   4.5911000e-02  -2.0860000e-03
  -8.1666000e-02   1.1643900e+00   8.6210000e-03  -8.9010000e-03  -8.8990000e-03
   4.7250000e-03  -1.3280150e+00   3.3195000e-02   2.3117000e-02   3.4075000e-02
   5.5653000e-02   1.2018600e-01  -4.2490000e-03  -3.7510000e-03   6.0440000e-03
   4.4638000e-02   1.4940000e-03   3.4135000e-02   7.6200000e-03   5.4330000e-03
   3.9792000e-02  -2.2200000e-04  -1.5656000e-02   6.2050000e-03   1.6615000e-02
  -2.3779000e-02   8.9450000e-03  -1.4591000e-02  -2.0900000e-03  -2.4101000e-02
   5.8725000e-02   3.7170000e-02   1.1066600e-01   3.9205000e-02   1.0794000e-02
  -4.6654000e-02  -2.6353000e-02  -9.4487000e-02  -1.7145000e-02  -5.6880000e-03
  -1.6152000e-02   8.0980000e-03   3.5900000e-04  -2.7600000e-03   2.2320000e-03
  -5.8881600e-01  -2.7858000e-02   7.8940000e-03   6.5590000e-03   2.5740000e-03
   6.8332000e-02  -7.1988000e-02  -3.5100000e-03   4.4729000e-02   7.7103000e-02
  -4.8591000e-02   2.8363000e-02   2.4450000e-03   4.8961000e-02  -4.6728000e-02
   1.3862000e-02  -9.0805000e-02   3.5100000e-03   6.1380000e-03   7.1710000e-03
  -4.4390000e-03   6.0783000e-02   5.7260000e-03  -2.6840000e-03   3.0880000e-03
  -2.2975000e-02   1.9099000e-02  -4.4730000e-03   1.4380000e-03  -1.4650000e-03
   9.6780000e-03   3.7294200e-01  -6.9873000e-02   3.7020700e-01  -1.1049000e-02
   1.4060000e-03   3.9496300e-01  -2.1280000e-02   3.3314600e-01   1.0506000e-02
  -3.7489000e-02  -6.2491500e-01   3.5160000e-02   5.2473600e-01  -5.7820000e-03
  -1.8390000e-03  -1.5542000e-02  -1.0028000e-02  -2.3116000e-02  -3.9070000e-03
  -7.4000000e-05  -3.8550000e-03   4.5050000e-03  -5.8020000e-03   2.9330000e-03
   1.0760000e-03  -7.1820000e-03  -7.5980000e-03   7.5590000e-03  -1.7300000e-04
  -8.1130000e-03   1.5128000e-02   4.9042000e-02   7.4820000e-03   5.7170000e-03
  -1.3379390e+00   4.9970000e-03   2.0521000e-02  -1.1525000e-02  -1.3048000e-02
   4.3127000e-02   9.0980000e-03   8.9893000e-02   1.7470000e-03   1.2851000e-02
   2.8646900e-01   2.6823000e-02   1.6725500e-01   8.8092000e-02   1.2680000e-02
   7.8396200e-01  -1.0761800e-01   5.0045900e-01  -3.7253000e-02   1.3350000e-02
   1.1785360e+00   9.4755000e-02  -8.2307700e-01  -7.3374000e-02   1.3640000e-03
   4.7240000e-03  -1.3280090e+00   4.4730000e-02   3.4074000e-02   2.3117000e-02
  -1.1680900e-01   3.5227400e-01   7.4954000e-02  -1.8223000e-02  -1.8228000e-02
   1.3175300e-01   4.6563000e-02  -2.0766000e-02   2.0505000e-02  -2.4711000e-02
  -8.8705000e-02  -8.7400000e-04  -4.4401000e-02  -5.0810000e-03   4.5520000e-03
   6.7760000e-03   2.6760000e-03   3.8169000e-02   1.9174000e-02   1.6409000e-02
   1.6316000e-02   1.1980000e-02   1.3727000e-02   4.4500000e-03  -2.3584000e-02
  -6.3327000e-02  -4.1503000e-02   1.1241000e-02  -1.3468000e-02  -6.2570000e-03
   7.1048000e-02   2.4515000e-02   4.6862000e-02   1.3926000e-02   2.5210000e-03
   2.1123000e-02  -5.8740000e-03  -5.7351000e-02   3.8640000e-03  -3.0880000e-03
   6.8503000e-02  -1.4824000e-02   2.3800000e-03  -1.9660000e-03   2.6390000e-03
  -4.8922000e-02  -1.7709000e-02  -2.6900000e-04   3.6864000e-02  -4.7731000e-02
  -2.2146000e-01   4.7800000e-04  -9.9700000e-03   5.8463000e-02   6.2115000e-02
   1.2180000e-02   1.1137000e-02   2.4290000e-03  -1.1480000e-03  -4.7820000e-03
  -2.9500000e-03   9.5900000e-04  -4.5400000e-04  -2.2660000e-03   2.8950000e-03
  -1.1156000e-02   2.8529000e-02   5.7100000e-03  -6.6600000e-04  -4.6250000e-03
   6.0599000e-02  -3.1711800e-01  -1.5142000e-02   4.3463800e-01  -6.1370000e-03
   1.6110000e-03  -5.2188200e-01   1.2003000e-02   6.4024100e-01  -8.9100000e-04
  -1.4205000e-02   3.4348100e-01  -1.2624000e-02   3.7281400e-01  -1.9654000e-02
   3.0510000e-03  -1.7622000e-02  -4.9400000e-04   9.7770000e-03   3.5910000e-03
  -1.9240000e-03  -1.7261000e-02   8.2290000e-03   1.6457000e-02   3.2090000e-03
   6.6370000e-03  -5.5470000e-03   2.3340000e-03  -7.4150000e-03  -1.1760000e-03
   1.5080000e-03  -2.0468000e-02  -1.3040000e-02   1.0676000e-02  -1.3810000e-03
   4.3127000e-02  -7.2900000e-03  -8.4564000e-02  -5.6550000e-03  -1.6110000e-03
  -1.5308100e+00  -2.4994000e-02   1.8162700e-01   1.5943000e-02   8.8410000e-03
   6.9680000e-02   6.1966000e-02  -2.9589000e-02  -1.5962000e-02  -5.6140000e-03
   1.4264150e+00   3.5909000e-02  -7.9439200e-01  -2.5076000e-02  -2.6042000e-02
   6.5130600e-01  -5.7600000e-03   6.1851600e-01  -2.0340000e-02   2.8580000e-03
  -5.5646000e-02  -1.2014300e-01  -2.7252000e-02  -6.0460000e-03   3.7510000e-03
  -1.3173400e-01  -4.6597000e-02  -7.1179000e-02   2.4716000e-02  -2.0501000e-02
   1.4288400e-01  -5.9776300e-01   3.3347000e-02   3.7090000e-03   3.7170000e-03
   1.6080000e-03   2.9770000e-03  -1.8389000e-02  -2.2940000e-03  -4.1690000e-03
  -5.8612000e-02   1.3644000e-02   3.3793000e-02   8.0930000e-03  -1.2470000e-02
   1.3133000e-02  -4.3120000e-03   1.6767000e-02  -4.9010000e-03   2.3201000e-02
  -1.4725000e-02   9.4550000e-03  -4.4327000e-02  -2.1760000e-03  -5.7230000e-03
   5.0336000e-02   1.3141000e-02  -2.0405000e-02  -5.2980000e-03  -1.6370000e-03
   7.2480000e-03   1.4940000e-03   1.5641000e-02  -8.1100000e-04   3.3000000e-04
  -1.4091000e-02  -1.5159000e-02  -1.3122000e-02  -1.0824000e-02  -1.5936000e-02
   6.5585000e-02   7.5780000e-03   8.1560000e-03  -2.0900000e-03   9.8960000e-03
   1.4617000e-02   5.2860000e-03  -6.0710000e-03  -1.2252000e-02  -4.4600000e-03
  -1.4091000e-02  -5.6768000e-02  -1.3121000e-02  -8.4490000e-03  -5.2298000e-02
   6.5584000e-02   3.1751000e-02   8.1560000e-03   6.8960000e-03   2.6263000e-02
  -1.4621000e-02   8.1800000e-03   6.0710000e-03   4.9150000e-03   6.1290000e-03
   1.1726340e+00   4.1336000e-02   2.8409000e-02   2.3576000e-02   1.1139000e-02
  -5.2102100e-01  -1.7898000e-02  -1.1722000e-02  -4.1750000e-02  -1.9375000e-02
  -1.6469800e-01   4.2550000e-03   9.5600000e-03  -1.8767000e-02   1.2514000e-02
   5.2677000e-02   1.9657700e-01  -4.9630000e-03   3.6298000e-02   2.2710000e-02
  -2.9720000e-03  -1.1361100e-01  -2.6280000e-03  -7.2620000e-03  -4.2370000e-03
  -1.2496000e-02  -1.8979000e-02   4.3800000e-04   1.0912000e-02  -9.1400000e-04
  -5.6493900e-01   2.1300000e-03   4.4840000e-03   1.8830000e-03   5.5700000e-04
   2.8646900e-01   9.1590000e-03   2.6760000e-03  -7.8830000e-03  -2.3600000e-03
   6.9680000e-02   6.2310000e-03   9.3650000e-03  -4.1390000e-03  -3.2170000e-03
  -1.1046040e+00   1.6311100e-01   2.0547300e-01   9.7470000e-02   9.7470000e-02
   6.8500000e-04   2.8430000e-03   1.6300000e-02  -1.1065000e-02  -1.2379000e-02
   0.0000000e+00   1.0241000e-02   0.0000000e+00  -1.8908000e-02   2.7340000e-03
  -5.6493900e-01  -1.4524400e-01   4.4840000e-03  -8.6710000e-03  -8.9440000e-02
   2.8645600e-01   2.6821000e-02   2.6740000e-03   1.2683000e-02   8.8100000e-02
  -6.9675000e-02  -6.1961000e-02  -9.3670000e-03   5.6110000e-03   1.5958000e-02
   5.2677000e-02   7.6830000e-03  -4.9630000e-03   4.1910000e-03   4.9820000e-03
  -2.9730000e-03  -4.8410000e-03  -2.6280000e-03   8.8000000e-04  -1.1100000e-04
   1.2496000e-02   2.0490000e-03  -4.3800000e-04   7.3100000e-04  -2.1440000e-03
   1.1726510e+00  -3.8350000e-03   2.8411000e-02   1.8030000e-03  -1.1960000e-03
  -5.2099100e-01   5.7720000e-03  -1.1722000e-02  -3.1000000e-03   5.6300000e-04
   1.6468600e-01  -7.2800000e-04  -9.5590000e-03  -6.5200000e-04   1.1640000e-03
  -3.2174000e-02  -7.8900000e-04   4.1750000e-03   6.6800000e-04  -4.1120000e-03
   3.5646000e-02  -4.4860000e-03   3.0470000e-03   2.4406000e-02  -1.0152000e-02
  -2.7948000e-02  -3.1450000e-02   1.4620000e-02   4.2825000e-02   2.0028000e-02
  -3.2175000e-02   2.0250000e-03   4.1750000e-03   1.2600000e-04   1.4450000e-03
   3.5649000e-02   3.1500000e-04   3.0490000e-03  -8.8400000e-04   8.6550000e-03
   2.7948000e-02   2.4778000e-02  -1.4623000e-02  -9.6450000e-03  -2.9049000e-02
  -2.3150300e-01  -7.7131000e-02   4.1610000e-03   8.7467000e-02   3.4632000e-02
  -2.0490200e-01  -1.1143200e-01   1.3752000e-02   1.0472200e-01   5.1296000e-02
   1.9904000e-02   3.2852000e-02   4.4810000e-03   5.3660000e-02  -3.3412000e-02
   3.0140000e-02   1.9613000e-02  -9.1390000e-03  -3.2970000e-03   1.0350000e-03
   2.8005000e-02   4.4869000e-02  -1.4725000e-02  -7.8780000e-03  -5.4630000e-03
   8.0100000e-03  -1.7400000e-03   4.4050000e-03  -1.7270000e-03   2.3910000e-03
   3.6339700e-01  -9.9340000e-03  -2.6200000e-04   4.7980000e-03   2.2750000e-03
   7.8396200e-01  -6.3490000e-03  -1.3037000e-02  -2.5690000e-03   2.9740000e-03
   1.4264150e+00   7.8710000e-03   1.0521000e-02  -1.1990000e-03   4.0810000e-03
   6.8500000e-04   2.8450000e-03   1.7585000e-02  -1.2378000e-02  -1.1067000e-02
  -1.0333870e+00   1.2589100e-01  -5.5418000e-02  -3.4434000e-02  -3.4433000e-02
   8.0000000e-06  -1.1202000e-02   6.0000000e-06   1.1969000e-02  -7.0360000e-03
   3.6339100e-01   1.1857900e-01  -2.6300000e-04  -3.1980000e-03   5.5848000e-02
   7.8396600e-01  -1.0760400e-01  -1.3038000e-02   1.3351000e-02  -3.7265000e-02
  -1.4266450e+00  -3.5914000e-02  -1.0517000e-02   2.6044000e-02   2.5091000e-02
   3.0142000e-02   4.2200000e-03  -9.1370000e-03  -3.0020000e-03  -1.3390000e-03
   2.8005000e-02   8.1270000e-03  -1.4723000e-02  -1.0090000e-02  -1.0470000e-02
  -8.0150000e-03  -6.5030000e-03  -4.4030000e-03  -9.0300000e-03   3.6670000e-03
  -2.3151700e-01  -1.7800000e-03   4.1640000e-03   5.2250000e-03  -8.7700000e-04
  -2.0490100e-01  -6.0380000e-03   1.3754000e-02   2.9090000e-03   2.1630000e-03
  -1.9875000e-02   4.4900000e-04  -4.4870000e-03  -4.5170000e-03  -3.8220000e-03
  -1.4740000e-03   1.5880000e-03   2.4640000e-03   3.0760000e-03  -1.0000000e-04
   5.0371000e-02  -4.1910000e-03   2.5170000e-03   2.1953000e-02   1.3503000e-02
   1.5451000e-02  -2.3340000e-03   5.7820000e-03   2.7515000e-02   1.3790000e-03
   1.4690000e-03   1.0400000e-03  -2.4640000e-03  -1.1100000e-03  -5.2830000e-03
  -5.0364000e-02   1.4489000e-02  -2.5170000e-03  -4.9200000e-04  -1.3005000e-02
   1.5453000e-02   3.2240000e-03   5.7820000e-03   2.4300000e-04   8.3730000e-03
  -1.5266300e-01  -4.1880000e-03   1.7244000e-02   5.1064000e-02  -5.1906000e-02
   5.8538000e-02  -3.5907000e-02  -1.3750000e-03   4.2918000e-02  -5.2759000e-02
  -2.3954000e-01   4.7200000e-04   3.1890000e-02   6.6380000e-02   5.6913000e-02
   6.1780000e-03   3.5249000e-02   1.0240000e-02  -5.8510000e-03  -2.3000000e-03
   1.0523000e-02  -2.2283000e-02  -7.6240000e-03   3.3280000e-03  -1.7410000e-03
   1.4429000e-02   3.7942000e-02   6.6890000e-03  -8.5720000e-03  -4.0260000e-03
   4.9817400e-01  -4.9700000e-03   4.6830000e-03  -1.0190000e-03   2.0290000e-03
   1.1785360e+00  -2.2420000e-03   1.9048000e-02  -3.2310000e-03  -2.4110000e-03
   6.5130600e-01  -3.4630000e-03  -3.6800000e-03  -7.1200000e-04  -5.8100000e-04
   0.0000000e+00  -1.0242000e-02   0.0000000e+00  -2.7370000e-03   1.8907000e-02
   8.0000000e-06   1.1211000e-02   7.0000000e-06   7.0400000e-03  -1.1967000e-02
  -1.3984970e+00  -2.3617000e-02   2.1130000e-03   6.6840000e-03   6.6790000e-03
  -4.9808000e-01   7.9192000e-02  -4.6830000e-03   2.0860000e-03  -4.5903000e-02
  -1.1783190e+00  -9.4774000e-02  -1.9049000e-02  -1.3630000e-03   7.3368000e-02
   6.5126500e-01  -5.7530000e-03  -3.6820000e-03   2.8610000e-03  -2.0348000e-02
  -6.1740000e-03  -1.6700000e-04  -1.0242000e-02  -1.5150000e-03   2.1470000e-03
  -1.0523000e-02   4.7500000e-04   7.6250000e-03   2.5080000e-03   3.3150000e-03
   1.4428000e-02   3.4340000e-03   6.6880000e-03  -8.4500000e-04  -1.0750000e-03
   1.5262300e-01  -4.1500000e-04  -1.7245000e-02   3.4630000e-03   2.5780000e-03
  -5.8546000e-02  -1.8300000e-04   1.3720000e-03   4.7700000e-04   9.6800000e-04
  -2.3954300e-01  -2.6400000e-04   3.1889000e-02   7.4600000e-04   3.1200000e-03
   1.3333000e-02  -4.2500000e-03  -1.7823000e-02  -5.5260000e-03  -5.9290000e-03
   2.4700000e-02   5.0800000e-03  -1.6420000e-03  -5.2400000e-04  -6.5600000e-04
   1.0293000e-02   1.3780000e-03  -1.2268000e-02  -3.2490000e-03  -5.8300000e-04
   8.9445500e-01  -9.9380000e-03  -1.7094000e-02  -6.1940000e-03  -8.0080000e-03
  -6.0488100e-01   4.6100000e-03  -3.7300000e-04  -3.8770000e-03  -3.8630000e-03
  -1.5493500e-01   3.9030000e-03  -1.8634000e-02  -1.2238000e-02   8.3450000e-03
   5.8723000e-02   2.2755000e-02   1.1066300e-01   1.3032000e-02   1.9250000e-02
  -4.6657000e-02  -1.2840000e-03  -9.4490000e-02  -7.5590000e-03   6.0580000e-03
   1.6151000e-02  -5.9800000e-04  -3.6100000e-04  -1.0240000e-02  -1.4338000e-02
   4.4637000e-02   2.0213000e-02   3.4135000e-02   2.4502000e-02   5.6190000e-03
   3.9793000e-02  -1.6032000e-02  -1.5658000e-02  -4.4037000e-02  -2.8280000e-03
   2.3781000e-02   7.0580000e-03   1.4592000e-02  -1.8270000e-02   2.3550000e-03
  -8.1666000e-02  -8.3710000e-03   8.6240000e-03  -8.6250000e-03  -8.6250000e-03
   4.7240000e-03   5.7300000e-03   3.3203000e-02   4.4060000e-03   4.5050000e-03
  -5.5646000e-02  -1.4520000e-03   4.2510000e-03   1.0720000e-03   4.5470000e-03
  -5.6493900e-01   2.1360000e-03  -2.9796400e-01   5.6300000e-04   1.8870000e-03
   3.6339100e-01  -9.9360000e-03   1.8605500e-01   2.2760000e-03   4.7990000e-03
  -4.9808000e-01   4.9680000e-03   3.1375900e-01  -2.0290000e-03   1.0200000e-03
  -1.4509730e+00  -4.2404000e-02  -4.4992000e-02  -9.2520000e-03  -1.6385000e-02
  -8.1130000e-03   1.5130000e-02   6.4445000e-02   5.7150000e-03   7.4810000e-03
  -1.5050000e-03   2.0469000e-02  -2.5556000e-02   1.3800000e-03  -1.0676000e-02
   7.9090000e-03   3.9630000e-03   5.5840000e-03   3.7680000e-03   2.5060000e-03
  -7.5890000e-03  -1.6200000e-03   3.2810000e-03   6.0300000e-04  -1.7720000e-03
  -2.5460000e-03  -1.5950000e-03   9.3640000e-03   7.3400000e-04   1.5120000e-03
   8.4989000e-02   1.1050000e-02   7.6248000e-02   1.0115000e-02   6.6220000e-03
  -4.5394000e-02  -4.5520000e-03   3.2140000e-03  -4.4480000e-03  -6.7470000e-03
   1.1664000e-02   3.1230000e-03   3.8778000e-02   2.9570000e-03   2.1190000e-03
   1.3860000e-02   1.6210000e-03   3.5090000e-03   7.4400000e-04   6.3430000e-03
  -4.4380000e-03  -5.3300000e-04   5.7260000e-03  -7.2040000e-03  -8.5500000e-04
   2.2975000e-02   4.5770000e-03   4.4710000e-03  -3.7990000e-03  -7.2670000e-03
  -5.8883400e-01   9.9040000e-03   7.8950000e-03   4.8000000e-03   4.4800000e-04
   6.8345000e-02  -3.3230000e-03  -3.5100000e-03  -6.0500000e-04  -2.0100000e-04
   4.8575000e-02  -6.9730000e-03  -2.4440000e-03   3.9940000e-03  -1.8290000e-03
  -6.3319000e-02  -1.9440000e-03   1.1242000e-02  -1.0426000e-02   1.3553000e-02
   7.1049000e-02   3.4582000e-02   4.6857000e-02   2.1510000e-03   2.3122000e-02
  -2.1122000e-02  -8.4580000e-03   5.7354000e-02  -1.3758000e-02  -2.0110000e-02
  -8.8705000e-02  -1.4330000e-02  -4.4399000e-02  -2.8205000e-02  -2.1370000e-03
   6.7820000e-03   5.3260000e-03   3.8166000e-02   3.2068000e-02   3.6060000e-03
  -1.6314000e-02  -4.0370000e-03  -1.3724000e-02   7.7000000e-04   4.1400000e-04
   4.7250000e-03   5.7310000e-03   4.4736000e-02   4.5050000e-03   4.4060000e-03
  -1.1680900e-01  -3.9070000e-03   7.4968000e-02  -2.1750000e-03  -2.1750000e-03
  -1.3173400e-01   4.8700000e-04   2.0766000e-02   8.7300000e-04   1.5290000e-03
   2.8645600e-01   9.1540000e-03   1.6727000e-01  -2.3630000e-03  -7.8850000e-03
   7.8396600e-01  -6.3510000e-03   5.0042700e-01   2.9730000e-03  -2.5690000e-03
  -1.1783190e+00   2.2410000e-03   8.2322800e-01   2.4110000e-03   3.2310000e-03
  -8.1130000e-03   2.3660000e-03   4.9040000e-02  -6.7680000e-03   7.1700000e-04
  -1.3379430e+00   4.9960000e-03   2.0521000e-02  -1.3049000e-02  -1.1524000e-02
  -4.3135000e-02   7.2900000e-03  -8.9885000e-02   1.6100000e-03   5.6570000e-03
  -1.8390000e-03  -1.2690000e-03  -1.0028000e-02  -1.8690000e-03  -3.1890000e-03
  -7.4000000e-05  -8.3400000e-04   4.5050000e-03   2.4140000e-03   1.8230000e-03
  -1.0740000e-03  -8.2500000e-04   7.5990000e-03   3.6100000e-04  -1.2460000e-03
   9.6720000e-03  -4.3890000e-03  -6.9876000e-02  -8.5780000e-03  -6.6340000e-03
   1.4090000e-03   8.4690000e-03  -2.1286000e-02   2.2740000e-03   1.4180000e-03
   3.7484000e-02  -3.5920000e-03  -3.5164000e-02  -9.8000000e-04  -1.5810000e-03
  -1.2181000e-02  -5.1900000e-04  -2.4300000e-03   1.9450000e-03   2.0660000e-03
   2.9510000e-03   3.1740000e-03   4.5300000e-04  -8.7000000e-05   6.0260000e-03
  -1.1155000e-02  -5.6640000e-03   5.7070000e-03   6.8130000e-03   6.6240000e-03
  -6.8497000e-02  -6.1800000e-04  -2.3790000e-03   1.3010000e-03   2.7910000e-03
   4.8941000e-02  -3.6400000e-04   2.7000000e-04   1.7170000e-03   8.6460000e-03
  -2.2145800e-01   7.8340000e-03  -9.9670000e-03  -2.8620000e-03  -7.1630000e-03
   1.4729000e-02  -1.1778000e-02   4.4315000e-02   7.0810000e-03  -6.6130000e-03
  -5.0340000e-02  -2.9524000e-02   2.0398000e-02   6.9660000e-03  -8.3850000e-03
   7.2540000e-03  -3.8800000e-03   1.5629000e-02   2.6370000e-03   1.1072000e-02
  -1.6000000e-03   8.9070000e-03   1.8394000e-02  -1.0296000e-02  -2.4160000e-03
   5.8608000e-02   1.1166000e-02  -3.3795000e-02  -2.5670000e-03  -2.7020000e-03
   1.3133000e-02  -6.7900000e-03   1.6767000e-02   3.8800000e-03  -1.7000000e-05
   5.5653000e-02   1.4510000e-03   2.7251000e-02  -4.5470000e-03  -1.0720000e-03
   1.3175300e-01  -4.8700000e-04   7.1179000e-02  -1.5290000e-03  -8.7200000e-04
   1.4288400e-01   9.5140000e-03   3.3338000e-02  -1.1820000e-02  -1.1821000e-02
  -6.9675000e-02  -6.2320000e-03   2.9595000e-02   3.2170000e-03   4.1390000e-03
  -1.4266450e+00  -7.8670000e-03   7.9422400e-01  -4.0830000e-03   1.1980000e-03
   6.5126500e-01  -3.4630000e-03   6.1851300e-01  -5.8200000e-04  -7.1400000e-04
  -1.5050000e-03   1.3316000e-02   1.3046000e-02  -8.6110000e-03  -7.9200000e-04
  -4.3135000e-02  -9.0990000e-03   8.4575000e-02  -1.2852000e-02  -1.7470000e-03
  -1.5307780e+00  -2.4994000e-02   1.8162400e-01   8.8410000e-03   1.5942000e-02
  -3.0520000e-03   1.3000000e-04   4.9500000e-04   5.8700000e-04   2.3400000e-04
   1.9220000e-03   4.2260000e-03  -8.2270000e-03  -2.7590000e-03  -2.1750000e-03
   6.6360000e-03   2.6750000e-03   2.3340000e-03   1.3400000e-03  -3.2500000e-04
  -6.0609000e-02  -4.4740000e-03   1.5147000e-02   3.6870000e-03   5.0030000e-03
  -1.6090000e-03  -7.3460000e-03  -1.2001000e-02   7.4350000e-03   5.2950000e-03
  -1.4206000e-02   1.0570000e-03  -1.2627000e-02   7.3900000e-04  -7.5300000e-04
  -2.5998100e-01   4.2930000e-03   5.6550000e-03   1.2510000e-03   1.0672000e-02
   1.4224900e-01   9.2631000e-02  -7.0350000e-03  -3.5230000e-03   1.7468500e-01
  -6.1989000e-02   6.7993000e-02   4.9100000e-04  -2.3130000e-03  -1.1486300e-01
   2.2070000e-03   1.2193000e-02   1.3600000e-03   1.9870000e-03   3.7110000e-03
  -4.2700000e-04   4.7100000e-04  -3.2190000e-03  -9.8400000e-04  -5.9560000e-03
  -4.3680000e-03  -7.0140000e-03   4.6200000e-03   2.4640000e-03   2.2300000e-04
  -1.9040000e-02   1.5672190e+00   3.1739000e-02   6.7390000e-03   7.8090000e-03
   3.8600000e-03  -1.3202730e+00  -6.0580000e-03   1.7874000e-02   2.5157000e-02
   2.0037000e-02  -5.5968000e-02   1.3500000e-03  -1.2214000e-02   1.9863000e-02
  -1.9980000e-03  -2.6540000e-03  -2.5450000e-03  -6.3500000e-03  -6.3500000e-03
  -6.0900000e-04   1.0860000e-03   3.5470000e-03   3.6440000e-03   4.6760000e-03
  -1.9700000e-04  -1.5390000e-03  -3.5900000e-04  -1.2700000e-04   1.1000000e-03
   4.4638000e-02   2.0212000e-02   5.3830000e-03   5.6190000e-03   2.4502000e-02
  -8.8705000e-02  -1.4331000e-02   2.2920000e-03  -2.1360000e-03  -2.8203000e-02
   1.6080000e-03  -8.9070000e-03  -1.7590000e-03   2.4150000e-03   1.0298000e-02
   5.2677000e-02   1.9657100e-01   1.1316000e-02   2.2709000e-02   3.6296000e-02
   3.0142000e-02   1.9619000e-02  -1.3517000e-02   1.0340000e-03  -3.2980000e-03
  -6.1740000e-03  -3.5247000e-02   1.5821000e-02   2.3010000e-03   5.8510000e-03
   7.9090000e-03   1.3707000e-02   6.6620000e-03   7.2860000e-03   1.8860000e-02
  -1.8390000e-03  -1.5540000e-02  -1.0660000e-02  -3.9070000e-03  -2.3117000e-02
  -3.0520000e-03   1.7622000e-02   2.1140000e-03  -3.5910000e-03  -9.7750000e-03
  -1.2179550e+00  -1.2998000e-02  -3.2375000e-02   6.8830000e-03   1.1346000e-02
  -1.0708700e-01  -2.2510000e-02  -1.2760000e-03  -3.8490000e-03  -7.4310000e-03
  -1.3537000e-02  -7.0320000e-03   3.0274000e-02   5.1700000e-03   4.4100000e-04
  -1.4975000e-02   2.6842000e-02  -1.0830000e-02  -6.7940000e-03  -1.0369000e-02
   1.2246000e-02  -9.7330000e-03  -2.3710000e-03   9.9000000e-04   3.6960000e-03
  -2.0100000e-04   1.3416000e-02   2.0350000e-03  -2.9840000e-03  -2.4130000e-03
   2.1542400e-01  -9.1718000e-02  -6.7920000e-03  -1.1710000e-03  -1.7520900e-01
   3.3912900e-01   5.2796000e-02  -1.0676000e-02   4.4770000e-03   3.7403000e-02
  -7.5537200e-01  -2.5617000e-02  -1.5120000e-03  -1.0600000e-04   6.6741000e-02
  -8.7200000e-04  -5.5270000e-03  -1.6300000e-03  -2.8100000e-04   6.8000000e-05
   8.9500000e-04   2.1000000e-04  -5.8600000e-04   2.0300000e-04   5.4100000e-03
  -4.3200000e-04  -1.9450000e-03   1.4070000e-03   4.0000000e-04   4.9930000e-03
  -2.5836000e-02  -1.0582450e+00   1.7425000e-02   2.6225000e-02   2.6552000e-02
  -1.1929200e-01  -2.3854000e-02   7.3884000e-02  -8.7780000e-03  -1.1485000e-02
   1.0877400e-01   4.2614000e-02  -2.5474000e-02   1.8230000e-03  -7.9210000e-03
  -6.0900000e-04   1.0860000e-03   2.1410000e-03   4.6760000e-03   3.6440000e-03
  -1.6640000e-03  -3.8550000e-03   1.3230000e-03   1.7620000e-03   1.7620000e-03
   5.0000000e-06  -6.4200000e-04  -5.0600000e-04  -8.8000000e-05   1.7270000e-03
   3.9792000e-02  -1.6032000e-02   5.7600000e-04  -2.8280000e-03  -4.4038000e-02
   6.7760000e-03   5.3260000e-03   3.4730000e-03   3.6050000e-03   3.2067000e-02
  -5.8612000e-02  -1.1165000e-02  -3.1580000e-03   2.7020000e-03   2.5650000e-03
  -2.9730000e-03  -1.1360900e-01  -9.9670000e-03  -4.2360000e-03  -7.2600000e-03
   2.8005000e-02   4.4864000e-02  -4.5220000e-03  -5.4630000e-03  -7.8760000e-03
  -1.0523000e-02   2.2288000e-02  -1.2180000e-03   1.7410000e-03  -3.3270000e-03
  -7.5890000e-03  -1.2544000e-02  -3.2260000e-03  -1.1500000e-03  -1.9559000e-02
  -7.4000000e-05  -3.8540000e-03   4.9300000e-03   2.9320000e-03  -5.8030000e-03
   1.9220000e-03   1.7261000e-02  -6.5590000e-03  -3.2090000e-03  -1.6453000e-02
  -1.0708700e-01  -1.5773000e-02  -6.6300000e-04   1.5745000e-02   1.0697000e-02
  -1.1524160e+00   1.2632000e-02  -1.3532000e-02  -5.6890000e-03  -6.5700000e-03
   1.0014500e-01   7.2090000e-03   1.8321500e-01   4.0090000e-03   6.5070000e-03
   1.3383000e-02  -1.6181000e-02  -1.8250000e-03   1.4450000e-03   1.9620000e-03
   8.3800000e-04   1.0183000e-02  -5.8870000e-03  -4.0760000e-03  -4.9240000e-03
   2.8790000e-03  -7.0640000e-03   2.0000000e-03   1.3080000e-03   4.1200000e-04
  -3.2862500e-01  -9.9887000e-02  -1.6296000e-02   3.8230000e-03   1.2928200e-01
  -7.0553100e-01   7.6116000e-02  -3.7201000e-02   1.6340000e-03  -9.4312000e-02
   7.0507100e-01  -5.0430000e-03   4.4387000e-02   5.1500000e-03  -1.7077000e-02
  -8.8000000e-05  -1.0310000e-03   7.1800000e-04   2.3800000e-04   1.1800000e-04
  -1.4730000e-03  -2.6600000e-03   8.6600000e-04   1.1300000e-04   2.7500000e-03
  -4.2400000e-04   1.7200000e-04  -7.5400000e-04  -7.2000000e-05   2.6260000e-03
  -3.2012000e-02  -7.5103000e-02  -2.7933000e-02  -7.6960000e-03  -2.7160000e-03
  -1.0071500e-01   4.0720000e-03  -9.8260000e-02   1.9524000e-02  -1.4932000e-02
   1.1373000e-02  -6.6408500e-01   8.0853000e-02   1.3241000e-02   3.0163000e-02
   1.9700000e-04   1.5390000e-03  -1.0500000e-03  -1.1000000e-03   1.2700000e-04
  -5.0000000e-06   6.4200000e-04  -1.4740000e-03  -1.7270000e-03   8.8000000e-05
  -4.3600000e-04  -1.0680000e-03   1.4610000e-03   1.3710000e-03   1.3710000e-03
  -2.3779000e-02  -7.0580000e-03  -6.0680000e-03  -2.3550000e-03   1.8269000e-02
   1.6316000e-02   4.0370000e-03  -5.8900000e-04  -4.1500000e-04  -7.6900000e-04
   1.3133000e-02  -6.7890000e-03   4.9570000e-03  -1.7000000e-05   3.8780000e-03
   1.2496000e-02   1.8978000e-02   4.7150000e-03   9.1300000e-04  -1.0911000e-02
  -8.0150000e-03   1.7320000e-03   4.8000000e-03  -2.3900000e-03   1.7300000e-03
   1.4428000e-02   3.7943000e-02  -6.5920000e-03  -4.0270000e-03  -8.5710000e-03
  -2.5460000e-03   7.0330000e-03   3.9730000e-03   2.1170000e-03  -1.6766000e-02
  -1.0740000e-03   7.1810000e-03   1.5140000e-03   1.7300000e-04  -7.5600000e-03
   6.6360000e-03  -5.5490000e-03  -1.4130000e-03  -1.1760000e-03  -7.4120000e-03
  -1.3537000e-02  -2.1067000e-02  -2.8029000e-02   2.0904000e-02  -1.1409000e-02
   1.0014500e-01   1.8700000e-03  -1.8130200e-01  -8.9330000e-03   2.8860000e-03
  -1.2597270e+00  -3.6960000e-03   2.0191900e-01  -2.3500000e-04  -6.9030000e-03
  -2.0490000e-03   8.0670000e-03   3.9890000e-03  -1.9810000e-03  -2.8700000e-03
  -6.5000000e-04  -5.1160000e-03   2.5360000e-03   2.1920000e-03   1.4770000e-03
   3.1230000e-03  -1.4850000e-03  -1.7790000e-03   2.0500000e-04  -3.8400000e-04
   4.0232000e-02   1.0643000e-02   6.5250000e-03   4.0160000e-03   6.1210000e-03
  -1.0181000e-02  -2.5650000e-03  -4.2120000e-03  -1.1030000e-03  -6.8890000e-03
   2.9800000e-04  -3.6350000e-03   2.6500000e-03   3.1200000e-03   5.5730000e-03
  -1.6787000e-01  -5.1750000e-03   1.1784000e-02   7.1030000e-03  -1.0030000e-02
   2.5697900e-01   7.2228000e-02   3.4800000e-04  -2.6300000e-03   1.6807600e-01
  -2.6859300e-01   6.2126000e-02  -1.2595000e-02  -2.1880000e-03  -9.7530000e-02
   1.0198000e-02  -4.7385000e-02  -2.3834000e-02  -1.2090000e-02  -1.2089000e-02
  -6.3210000e-03   1.1705000e-02   2.0908000e-02   2.5610000e-02   2.9541000e-02
  -2.1364000e-02   5.7660000e-03   4.8480000e-03   7.4550000e-03  -1.4773000e-02
  -1.9041000e-02   1.5672640e+00   3.1164000e-02   7.8070000e-03   6.7370000e-03
  -2.5829000e-02  -1.0582370e+00   1.9500000e-02   2.6551000e-02   2.6224000e-02
   3.2007000e-02   7.5095000e-02  -1.0600000e-03   2.7160000e-03   7.6970000e-03
   5.8725000e-02   2.2756000e-02   2.2948000e-02   1.9251000e-02   1.3033000e-02
  -6.3327000e-02  -1.9450000e-03  -1.2195000e-02   1.3554000e-02  -1.0425000e-02
  -1.4725000e-02   1.1776000e-02  -9.3840000e-03   6.6090000e-03  -7.0820000e-03
   1.1726510e+00   4.1330000e-02  -3.5760000e-03   1.1135000e-02   2.3572000e-02
  -2.3151700e-01  -7.7126000e-02  -7.5430000e-03   3.4620000e-02   8.7471000e-02
   1.5262300e-01   4.1770000e-03   1.5556000e-02   5.1908000e-02  -5.1052000e-02
   8.4989000e-02   8.2275000e-02   1.2862000e-02   1.1397000e-02   9.5404000e-02
   9.6720000e-03   3.7296000e-01  -1.4251000e-02  -1.1049000e-02   3.7014400e-01
  -6.0609000e-02   3.1704300e-01   6.1590000e-03   6.1370000e-03  -4.3467300e-01
  -1.4975000e-02  -5.3550000e-03  -2.2677000e-02  -6.1570000e-03  -4.4210000e-03
   1.3383000e-02   4.0110000e-03  -2.0820000e-03  -1.0880000e-03  -9.4100000e-04
  -2.0490000e-03  -1.3170000e-03  -1.4190000e-03   1.2310000e-03   9.6400000e-04
  -1.4827350e+00  -3.9681000e-02  -2.8633000e-02  -6.7630000e-03  -1.3080000e-03
  -2.3336000e-02  -1.1394000e-02   5.6256000e-02  -7.5800000e-04  -9.8800000e-03
   1.1125000e-02  -1.5678000e-02   4.9170000e-03  -3.6140000e-03   8.9450000e-03
  -1.8154000e-02  -5.0990000e-03  -3.4620000e-03  -2.3810000e-03  -9.1500000e-04
   2.6870000e-03   3.1270000e-03   1.3760000e-03   4.6230000e-03   4.4430000e-03
  -8.6390000e-03  -7.5790000e-03   1.9040000e-03   3.2760000e-03   4.9610000e-03
   2.5171100e-01   1.2916000e-02  -3.0340000e-03  -3.5090000e-03  -5.4576000e-02
   3.8881600e-01  -2.7714000e-02   2.2820000e-03   6.5240000e-03  -1.1215800e-01
  -8.0828500e-01  -5.1631000e-02  -1.6002000e-02  -2.1600000e-03   1.0244800e-01
  -6.3210000e-03   1.1703000e-02   1.9711000e-02   2.9540000e-02   2.5610000e-02
  -5.2380000e-03  -2.9950000e-02   1.1340000e-03   4.5340000e-03   4.5350000e-03
   1.1446000e-02  -5.5420000e-03  -4.0550000e-03   1.0590000e-02  -7.8260000e-03
   3.8600000e-03  -1.3202220e+00  -2.2810000e-03   2.5158000e-02   1.7874000e-02
  -1.1928800e-01  -2.3891000e-02   9.1083000e-02  -1.1485000e-02  -8.7780000e-03
   1.0071300e-01  -4.0430000e-03  -1.3212000e-02   1.4931000e-02  -1.9523000e-02
  -4.6654000e-02  -1.2830000e-03  -7.1160000e-03   6.0590000e-03  -7.5590000e-03
   7.1048000e-02   3.4583000e-02   2.2290000e-03   2.3124000e-02   2.1520000e-03
   5.0336000e-02   2.9521000e-02  -8.0470000e-03   8.3820000e-03  -6.9690000e-03
  -5.2099100e-01  -1.7891000e-02  -3.8000000e-04  -1.9372000e-02  -4.1749000e-02
  -2.0490100e-01  -1.1143700e-01   8.2560000e-03   5.1286000e-02   1.0473400e-01
  -5.8546000e-02   3.5894000e-02   2.1490000e-03   5.2765000e-02  -4.2909000e-02
  -4.5394000e-02   3.9751100e-01  -1.2088000e-02  -7.3320000e-03   4.2253000e-01
   1.4090000e-03   3.9501000e-01   2.5770000e-03   1.0504000e-02   3.3309500e-01
  -1.6090000e-03   5.2179900e-01   2.5050000e-03   8.9200000e-04  -6.4034400e-01
   1.2246000e-02   2.9730000e-03   5.5500000e-03   1.6700000e-03   2.8960000e-03
   8.3800000e-04   1.1290000e-03  -9.1730000e-03  -4.4470000e-03  -3.1310000e-03
  -6.5000000e-04   1.8550000e-03  -2.8630000e-03   7.9700000e-04  -1.7060000e-03
  -2.3336000e-02  -1.2990000e-03   4.4756000e-02   1.1768000e-02  -1.2700000e-04
  -1.3777720e+00   3.0530000e-03   4.2051000e-02   3.2790000e-03  -6.7300000e-04
   7.8093000e-02   7.8470000e-03   1.0902200e-01   6.9310000e-03   1.0150000e-02
   1.7550000e-03   3.4220000e-03   8.0000000e-04  -7.1200000e-04  -2.9700000e-04
  -5.5760000e-03  -1.1310000e-03  -3.8400000e-04   2.8750000e-03   1.1320000e-03
   4.5700000e-04   2.0550000e-03   1.0000000e-05   1.9890000e-03  -5.4100000e-03
  -3.5144500e-01  -2.2968000e-02  -1.3149000e-02   3.9780000e-03   5.6166000e-02
  -7.5302200e-01   2.5256000e-02  -2.9241000e-02  -8.4200000e-04   5.3320000e-03
   6.5250900e-01  -1.6280000e-03   2.6087000e-02   1.9590000e-03  -2.3764000e-02
   2.1365000e-02  -5.7640000e-03  -1.9640000e-03   1.4773000e-02  -7.4550000e-03
  -1.1446000e-02   5.5440000e-03   4.0300000e-03   7.8240000e-03  -1.0591000e-02
   4.0920000e-03  -1.3450000e-02   6.8100000e-04   1.3245000e-02   1.3244000e-02
  -2.0036000e-02   5.5923000e-02  -5.3200000e-03  -1.9862000e-02   1.2215000e-02
  -1.0878000e-01  -4.2617000e-02  -1.0703900e-01   7.9210000e-03  -1.8220000e-03
   1.1376000e-02  -6.6408500e-01   7.9416000e-02   3.0163000e-02   1.3240000e-02
  -1.6152000e-02   5.9700000e-04   5.5830000e-03   1.4339000e-02   1.0239000e-02
   2.1123000e-02   8.4570000e-03  -2.4710000e-03   2.0113000e-02   1.3759000e-02
   7.2480000e-03  -3.8830000e-03   8.6900000e-04   1.1071000e-02   2.6370000e-03
   1.6468600e-01  -4.2570000e-03   5.0550000e-03  -1.2516000e-02   1.8766000e-02
  -1.9875000e-02  -3.2855000e-02   4.8000000e-04   3.3405000e-02  -5.3666000e-02
  -2.3954300e-01   4.6900000e-04   8.7100000e-04   5.6921000e-02   6.6370000e-02
   1.1664000e-02   4.5552100e-01   5.6800000e-04  -1.2600000e-03  -4.0311600e-01
   3.7484000e-02   6.2497400e-01   1.5110000e-03   5.7800000e-03  -5.2466500e-01
  -1.4206000e-02   3.4340400e-01  -3.7760000e-03  -1.9656000e-02   3.7286800e-01
  -2.0100000e-04   2.2000000e-05  -5.6120000e-03  -2.2560000e-03  -1.7090000e-03
   2.8790000e-03  -2.4740000e-03  -5.3950000e-03  -9.2000000e-05   1.2820000e-03
   3.1230000e-03  -4.7900000e-04  -6.0740000e-03   1.2920000e-03  -6.2600000e-04
   1.1125000e-02  -2.1307000e-02  -2.8326000e-02   9.8460000e-03  -2.1160000e-03
   7.8093000e-02   3.2710000e-03  -9.5987000e-02  -8.0540000e-03   5.2600000e-04
  -1.4456680e+00   3.5200000e-03   1.2334100e-01   3.8090000e-03  -1.4831000e-02
