   1.8981270e+00   3.2230000e-03  -1.6872500e-01   1.7306000e-02   1.4608000e-02   3.4010000e-03   1.5865000e-02   2.6230000e-03
   3.7373000e-02   4.4565000e-02  -7.5828000e-02   1.1756000e-02  -1.4489000e-02   2.2456000e-02  -1.1887000e-02   1.2173000e-02
  -1.4217000e-02  -2.0190000e-03   8.9400000e-04   3.5100000e-03   1.7542000e-02  -2.6880000e-03  -1.7015000e-02  -2.9370000e-03
  -6.6210000e-03  -1.9100000e-02  -4.1246500e-01   4.1160000e-02  -1.6650000e-02  -7.7110000e-03  -1.7319000e-02  -5.9670000e-03
  -6.0290000e-03   1.1240000e-03   2.2770000e-03  -1.1780000e-03  -3.1265000e-02   1.3270000e-03   2.7781000e-02   2.7200000e-04
  -1.6875900e-01   1.4450000e-03  -1.6980700e-01  -3.0700000e-04   1.6410000e-03  -5.0170000e-03  -4.7280000e-03  -7.4200000e-04
   5.7160000e-03  -1.2435000e-02   3.0125000e-02  -1.4608000e-02   1.1370000e-03  -3.6670000e-03  -2.6050000e-03  -2.9200000e-04
   1.0387900e-01   1.3247000e-02  -9.9940000e-02  -2.5687000e-02  -1.3464000e-02   3.3900000e-03  -1.6580000e-03   2.5760000e-03
   2.1242700e-01   1.1250000e-03   2.0736700e-01   1.0437000e-02   7.1800000e-04   2.9100000e-04   1.2860000e-03   3.0000000e-05
  -3.4919400e-01   7.9060000e-03   3.4936100e-01  -1.8602000e-02  -7.3280000e-03   4.9910000e-03  -5.4770000e-03   1.2100000e-04
   1.2433000e-02  -6.8740000e-03  -5.9493000e-02   1.3609000e-02   2.1190000e-03  -2.7830000e-03   3.2850000e-03  -3.5950000e-03
   7.3796000e-02  -5.9970000e-03  -1.6822000e-02   4.3280000e-03   5.4340000e-03  -2.3760000e-03   5.8170000e-03  -2.7170000e-03
  -3.4860000e-03   7.6800000e-04  -5.1922000e-02   3.2630000e-03   3.0740000e-03  -4.9080000e-03  -3.0800000e-03   4.7260000e-03
  -8.2164700e-01  -1.1594000e-02  -1.6345000e-02   7.3430000e-03  -5.7180000e-03  -1.5740000e-03  -6.4690000e-03  -7.0800000e-04
  -3.8696100e-01  -2.2560000e-03   1.6934000e-02   4.2210000e-03   1.8730000e-03   2.3240000e-03   6.1890000e-03  -1.7060000e-03
  -4.1990000e-03   5.3300000e-04   4.7432000e-02   2.1490000e-03  -8.1760000e-03  -3.3600000e-04   7.5860000e-03   1.0100000e-03
   8.1284800e-01  -1.8890000e-03   8.1662000e-01  -5.7950000e-02  -2.9540000e-03   8.7960000e-03   6.9790000e-03  -1.4870000e-03
  -2.0819900e-01   1.3000000e-05  -1.9947200e-01  -3.6315000e-02  -5.2680000e-03  -8.9050000e-03  -1.1555000e-02  -1.0150000e-03
   3.5452000e-01  -1.6210000e-03  -3.5261700e-01  -3.3032000e-02  -6.4100000e-04   6.3480000e-03  -1.3830000e-03  -1.9710000e-03
  -8.1711100e-01   6.0705000e-02  -8.1184300e-01   5.6748000e-02   5.9432000e-02   4.1570000e-03   1.8070000e-03   1.5190000e-03
   1.9500800e-01  -4.5017000e-02   2.0818200e-01   3.3896000e-02  -5.9302000e-02  -1.8800000e-04  -5.4330000e-03   6.2400000e-04
   3.5288100e-01  -1.3713000e-02  -3.4993100e-01  -3.6632000e-02   1.1986000e-02   2.7860000e-03   5.5300000e-04   1.6070000e-03
   3.7373000e-02   2.8943000e-02  -7.0963000e-02   5.7950000e-03  -1.9109000e-02   1.8109000e-02  -1.1088000e-02   6.7370000e-03
   3.9371840e+00  -1.3391500e-01  -3.0267200e-01  -3.3706400e-01   4.1074400e-01  -2.8686000e-02  -2.5967900e-01   3.3403000e-02
   2.9897000e-02   3.5340000e-03  -1.4578000e-02  -1.8655000e-02  -1.5778000e-02  -1.8726000e-02  -1.1923000e-02   2.0219000e-02
  -4.2038200e-01   4.8040000e-02  -1.3722900e-01   8.6560000e-03   5.1384000e-02  -5.1740000e-03   6.4595000e-02  -6.3710000e-03
   7.8608000e-02   2.3370000e-03  -1.6632000e-02  -3.3860000e-02  -3.4835000e-02   7.5700000e-04   2.6705000e-02   1.3234000e-02
   6.1106000e-02   9.7900000e-03   2.7725000e-02  -5.6570000e-03  -6.6700000e-04   4.4400000e-03   2.5070000e-03   1.5530000e-03
  -2.6988900e-01  -7.6910000e-03  -4.2943600e-01  -1.9470000e-03  -2.3218000e-02   1.3046000e-02   5.8679000e-02   2.7733000e-02
   1.4521200e-01  -4.9080000e-03  -2.2724200e-01   1.0122400e-01   9.8150000e-03   2.9740000e-02  -2.2133000e-02   3.3900000e-03
   2.9992000e-02   3.5015000e-02   1.0564800e-01  -7.1000000e-04   4.9771000e-02  -9.6520000e-03  -3.5800000e-03   1.3216000e-02
   1.2664000e-01   1.1879000e-02  -1.2545600e-01  -3.7757000e-02  -3.6197000e-02   4.5001000e-02  -1.3315000e-02   2.4590000e-03
  -3.4120000e-02  -7.8090000e-03  -3.9333000e-02   1.8830000e-02   3.5109000e-02  -1.6237000e-02   2.8241000e-02  -1.1947000e-02
   2.5814000e-02  -3.5712000e-02   6.7897000e-02  -6.6500000e-04  -1.4377000e-02   1.5024000e-02   1.6707000e-02  -2.7668000e-02
  -5.8604000e-02  -4.3806000e-02  -8.7840000e-02   2.8965000e-02   2.0213000e-02  -7.4770000e-03   6.2500000e-03   2.2970000e-02
  -2.4850000e-01  -7.5020000e-03   1.4477000e-02   5.7940000e-03   4.2158000e-02  -9.1660000e-03   1.0738000e-02   1.6360000e-03
   1.3284590e+00   1.1530000e-03  -3.7739000e-02   1.2167000e-01  -1.1635100e-01   1.1143000e-02   6.0457000e-02  -3.7163000e-02
  -5.6698000e-02  -2.3526000e-02  -8.7211000e-02  -1.0443000e-02   6.1789000e-02   9.4060000e-03  -2.2937000e-02   8.9300000e-04
  -1.1754700e-01  -1.2189000e-02  -2.2272300e-01  -2.8934000e-02  -2.6200000e-04   3.0630000e-03   9.5770000e-03  -2.3430000e-03
  -1.7834900e-01   3.3100000e-02  -1.5702800e-01   6.3194000e-02   8.2103000e-02   5.5240000e-03   1.5397000e-02   1.9396000e-02
   6.7831700e-01  -5.4120000e-03  -7.5955600e-01   3.7552000e-02  -5.9205000e-02   7.6521000e-02   2.4870000e-02  -1.5411000e-02
   2.0397000e-01  -3.9206000e-02   1.2480300e-01   1.8284000e-02  -3.5043000e-02   3.7710000e-03  -2.1864000e-02   1.6133000e-02
   1.9174100e-01   2.9727900e-01   2.6054700e-01   7.7020000e-02   1.1995000e-01  -2.8360000e-03   6.5275000e-02  -4.4697000e-02
   7.4747900e-01  -1.7314000e-02  -6.6677000e-01   4.8210000e-03  -1.4012600e-01   1.0745200e-01   2.6482000e-02  -5.9230000e-03
  -1.4217000e-02  -2.0100000e-03   4.7680000e-03   3.5370000e-03   1.7790000e-02  -3.9830000e-03  -1.7468000e-02  -5.4400000e-04
   2.9897000e-02   8.8290000e-03  -1.7637000e-02  -2.3425000e-02  -2.4561000e-02  -9.8890000e-03  -2.5138000e-02   2.2438000e-02
   3.3988040e+00  -9.1514000e-02  -5.5188000e-01   1.8585300e-01  -1.8327000e-02  -5.7491000e-02  -4.4290000e-03  -6.4369000e-02
   2.5625000e-02  -7.3900000e-03  -2.8170000e-03   9.3300000e-04   2.7334000e-02   1.4109000e-02  -2.3057000e-02  -1.1250000e-02
   4.9768100e-01   1.1044700e-01  -2.6254900e-01  -4.0220000e-03  -7.0566000e-02   3.4040000e-03  -8.6089000e-02   1.5310000e-02
   9.2957000e-02   1.1799000e-02  -1.0386900e-01  -1.6015000e-02  -1.1613000e-02   2.5090000e-03  -6.0980000e-03   1.7840000e-03
   2.2623600e-01   1.6253000e-02  -1.4794500e-01   3.6913000e-02   9.1650000e-03   1.9180000e-02  -2.5417000e-02  -1.6086000e-02
  -1.8394000e-01   1.9458000e-02  -1.8512200e-01  -1.8941000e-02   2.5445000e-02   5.7316000e-02   5.7968000e-02   1.6409000e-02
  -1.2046800e-01  -2.0859000e-02   1.3759300e-01   1.7546000e-02   5.1910000e-03  -2.7600000e-03   1.8109000e-02  -9.1080000e-03
   6.6308000e-02  -1.2524000e-02   9.5993000e-02  -1.6206000e-02  -3.3070000e-03   1.2313000e-02   1.5267000e-02   1.1550000e-03
   1.5611000e-02  -9.5500000e-04  -3.3644000e-02  -1.2362000e-02   7.8160000e-03  -1.0798000e-02  -9.7320000e-03   1.1660000e-02
   2.5975000e-02  -6.0360000e-03  -6.7707000e-02  -4.4625000e-02   3.2500000e-04  -1.3351000e-02   1.2484000e-02   7.2490000e-03
  -1.5457000e-02  -2.9273000e-02  -2.1429100e-01  -9.6053000e-02  -5.8160000e-03  -1.7149000e-02   1.1746000e-02  -2.3530000e-02
   4.4540000e-03   2.7620000e-03  -2.5788000e-02  -6.1890000e-03   7.7260000e-03   4.4920000e-03  -1.3281000e-02  -4.3360000e-03
  -4.7864000e-02  -2.3020000e-03  -4.6100000e-03   7.4430000e-03  -2.2004000e-02  -5.9500000e-04   4.3127000e-02  -7.5420000e-03
  -1.6241600e-01  -2.0941000e-02   6.8682000e-02   4.0890000e-02   2.9808000e-02   8.0460000e-03   5.1566000e-02  -9.4640000e-03
   3.4976500e-01   4.1562000e-02  -3.3119000e-01   7.7660000e-03  -3.6691000e-02   2.7503000e-02  -2.8588000e-02   7.3340000e-03
   1.0205100e+00   3.5141000e-02  -9.7605600e-01  -9.6640000e-02  -4.4257000e-02   1.6000000e-02  -1.2650000e-02   1.6494000e-02
  -1.0113230e+00   3.1160000e-03  -9.2698000e-01  -5.9860000e-03   1.9599000e-02   1.2510000e-02   2.5030000e-02  -2.0200000e-04
   3.2745300e-01   7.2021000e-02  -3.4375300e-01   1.2800000e-04  -5.9169000e-02   1.6005000e-02  -4.1428000e-02   1.5612000e-02
   9.4821500e-01  -1.2326100e-01  -1.0145530e+00  -6.6479000e-02   7.7282000e-02   6.5771000e-02  -1.8551000e-02   2.7821000e-02
   9.3592100e-01  -6.7461000e-02   9.9960700e-01   1.6897000e-02  -4.0605000e-02  -5.2030000e-02  -3.5840000e-02  -5.2770000e-03
  -6.6210000e-03  -1.7673000e-02  -4.1336600e-01   4.2260000e-02  -1.3742000e-02  -6.3400000e-03  -1.4928000e-02  -5.1680000e-03
  -4.2038200e-01   3.2427000e-02  -1.3790600e-01   1.3711000e-02   5.4533000e-02  -1.0637000e-02   5.9831000e-02  -1.0212000e-02
   2.5625000e-02  -1.1928000e-02  -1.1214000e-02   1.4300000e-04   2.8994000e-02   1.2039000e-02  -2.5251000e-02  -5.7490000e-03
   1.8802670e+00  -8.9880000e-03  -4.9054500e-01   6.7371000e-02  -2.0332000e-02  -2.3470000e-03  -7.9500000e-03   3.8100000e-04
  -5.7360000e-03  -5.5290000e-03   1.9850000e-03   2.4780000e-03   4.5617000e-02   7.4040000e-03  -4.3962000e-02  -7.4820000e-03
   1.9571500e-01  -6.4900000e-04   2.0469700e-01   5.6470000e-03  -1.1690000e-03   3.0500000e-04  -2.2680000e-03   5.1200000e-04
   1.4082400e-01   2.6066000e-02   8.2565000e-02  -3.0577000e-02   2.3580000e-02  -1.5277000e-02  -3.1079000e-02   4.3680000e-03
  -1.2856600e-01  -1.3480000e-03   1.2611400e-01   1.6829000e-02   1.3927000e-02  -2.8450000e-02   1.9586000e-02   9.6600000e-04
   9.8716000e-02  -2.4728000e-02   9.7980000e-02  -1.7022000e-02  -2.4932000e-02  -3.2660000e-03  -2.4330000e-03  -6.0540000e-03
   3.3016200e-01  -6.3140000e-03  -3.3789800e-01  -1.1100000e-04   1.2208000e-02  -1.2765000e-02   8.1590000e-03  -6.0200000e-04
  -2.3793000e-02  -2.2760000e-03   9.0654000e-02  -6.1370000e-03  -1.0817000e-02   1.8590000e-03  -8.0940000e-03   3.2640000e-03
  -6.4819000e-02  -2.5540000e-03   4.2059000e-02  -1.5674000e-02   5.3100000e-03   3.3110000e-03   1.0480000e-03   8.6230000e-03
   8.7210000e-03   1.0046000e-02   1.3703000e-01  -6.3510000e-03  -7.1710000e-03   2.9030000e-03   3.2520000e-03  -6.3610000e-03
   8.2910200e-01   7.4510000e-03  -2.2128000e-02   1.0971000e-02  -7.4220000e-03   1.0460000e-03   2.2340000e-03   1.2990000e-03
  -4.8372600e-01   2.9110000e-03  -1.8623000e-02  -3.5462000e-02   3.6606000e-02  -2.8120000e-03  -8.0340000e-03   5.4880000e-03
   8.2470000e-03   4.5930000e-03   8.0982000e-02  -2.6400000e-03  -1.7514000e-02  -8.0070000e-03   1.6725000e-02   1.0510000e-03
   4.2522900e-01   5.5350000e-03   4.3687600e-01  -7.2816000e-02   6.4610000e-03  -1.4167000e-02  -1.1236000e-02   1.2200000e-04
   9.9460600e-01  -1.1248000e-02   1.0153410e+00  -8.0998000e-02  -3.0586000e-02  -3.8200000e-04   5.6100000e-04  -6.1970000e-03
   2.7966700e-01  -1.3950000e-03  -2.5658500e-01  -5.2276000e-02   1.7657000e-02  -2.9454000e-02   8.2210000e-03   4.4620000e-03
  -4.4460500e-01   9.1750000e-03  -4.2855000e-01   7.4038000e-02   1.1820000e-02  -9.5050000e-03  -1.3699000e-02  -2.5990000e-03
  -1.0117400e+00  -1.0946500e-01  -1.0049440e+00   3.6798000e-02  -9.9432000e-02   1.4967000e-02  -1.0463000e-02   1.0087000e-02
   2.6309400e-01   1.7910000e-02  -2.7837600e-01  -4.1940000e-02   9.9040000e-03  -1.7616000e-02  -7.3770000e-03   6.6200000e-04
  -6.0290000e-03   1.0640000e-03   2.7030000e-03   0.0000000e+00  -2.8495000e-02   2.0600000e-04   2.5736000e-02   1.3550000e-03
   7.8608000e-02   4.8690000e-03  -2.6641000e-02  -2.5722000e-02  -4.1769000e-02   1.5330000e-03   2.6375000e-02   1.9314000e-02
   4.9768100e-01   1.2169300e-01  -2.5324800e-01  -7.5820000e-03  -7.8824000e-02   1.3130000e-02  -1.0040300e-01   2.3631000e-02
  -5.7360000e-03  -3.6490000e-03   4.5540000e-03   1.6520000e-03   4.6019000e-02   7.7370000e-03  -4.5815000e-02  -1.0092000e-02
   1.9774730e+00   4.2495000e-02   2.1585300e-01  -1.2259000e-02   6.2020000e-03   2.1760000e-03  -1.0615000e-02   1.0250000e-02
  -3.5097400e-01   7.4760000e-03   3.4631600e-01  -1.7740000e-02  -7.8240000e-03   5.2330000e-03  -5.2360000e-03  -1.1600000e-04
   1.1371500e-01   4.6404000e-02  -1.2672800e-01  -3.0584000e-02  -7.4900000e-03   1.0904000e-02  -5.9142000e-02  -3.2000000e-05
   5.1093000e-02  -1.2906000e-02   1.1888000e-02  -2.8736000e-02  -1.6425000e-02   1.4834000e-02   1.6114000e-02   1.7200000e-03
   3.4606100e-01  -1.3732000e-02  -3.3389200e-01  -1.5884000e-02   6.2650000e-03  -2.1140000e-03   1.0800000e-02  -3.6300000e-04
  -3.0624300e-01  -5.9040000e-03  -2.9760900e-01  -3.9380000e-03  -4.1990000e-03  -2.1600000e-03  -1.7070000e-03   2.1380000e-03
   7.0070000e-03  -2.1010000e-03   4.1923000e-02  -9.1400000e-03   5.4030000e-03  -4.2900000e-04  -4.1730000e-03   2.1140000e-03
   2.0760000e-02  -8.3400000e-04  -3.2709000e-02  -1.1677000e-02   8.4800000e-04  -2.9630000e-03   2.7400000e-03   4.9900000e-04
  -3.9910000e-03  -3.1200000e-04  -1.0287000e-02  -1.6123000e-02   3.1690000e-03  -3.2240000e-03   9.3100000e-03  -4.0450000e-03
  -2.7320000e-03   1.2050000e-03   2.7491000e-02   4.6010000e-03   1.8969000e-02   2.8410000e-03  -2.0775000e-02  -4.6160000e-03
  -1.1126000e-02  -3.1040000e-03  -5.1382000e-02   7.9980000e-03  -9.3230000e-03   3.3890000e-03   2.0420000e-02  -6.1350000e-03
   1.1383550e+00  -2.6719000e-02  -3.7303000e-02  -1.2700000e-03   1.1556000e-02   3.3420000e-03   2.1244000e-02  -1.0640000e-03
   7.8153400e-01   2.0058000e-02  -7.8075700e-01  -2.6111000e-02  -1.4542000e-02   1.4300000e-03  -9.1090000e-03   2.9300000e-03
  -1.0690900e-01   1.3513000e-02   1.2666000e-01  -5.0223000e-02  -1.6797000e-02   1.3830000e-02  -1.2622000e-02   4.4130000e-03
  -7.4480700e-01  -1.1544000e-02  -7.1279500e-01  -6.9749000e-02  -5.3480000e-03   7.3050000e-03   1.2712000e-02  -2.4840000e-03
   7.8349900e-01   1.3751600e-01  -7.7907800e-01  -2.9876000e-02  -1.2584300e-01   1.6010000e-03  -1.4017000e-02   8.3450000e-03
  -1.4083400e-01  -1.4738900e-01   1.2087100e-01  -3.7248000e-02   1.2435600e-01   2.7641000e-02  -4.0650000e-03   7.4910000e-03
   7.1985800e-01  -2.1494000e-02   7.4656100e-01   7.1100000e-02  -1.7271000e-02  -8.3920000e-03  -8.7440000e-03   2.1640000e-03
  -1.6875900e-01  -1.7157800e-01  -9.2900000e-04   2.0130000e-03  -6.6000000e-04   1.8140000e-03  -1.7000600e-01  -7.6100000e-04
   6.1106000e-02   3.7212000e-02  -6.1540000e-03  -7.7710000e-03  -6.7380000e-03   9.1420000e-03   7.1591000e-02  -9.3170000e-03
   9.2957000e-02  -1.0005400e-01   2.5770000e-02  -1.0354000e-02  -1.6193000e-02   6.4900000e-03   9.5413000e-02   2.1819000e-02
   1.9571500e-01   2.0293800e-01   7.1730000e-03  -3.7000000e-04   2.1920000e-03  -9.8400000e-04   1.9426200e-01   5.6760000e-03
  -3.5097400e-01   3.4637400e-01   2.2947000e-02  -7.7170000e-03  -1.6126000e-02   5.1290000e-03  -3.4667000e-01   1.9317000e-02
   1.8994150e+00   4.1330000e-03  -1.6660300e-01   1.6490000e-02   1.7204000e-02   3.2840000e-03   1.5352000e-02   4.5940000e-03
   6.4930000e-03   9.1610000e-03  -9.2573000e-02   4.9100000e-04  -2.0885000e-02   1.2970000e-03  -3.6358000e-02   2.1415000e-02
   1.1549000e-02   2.2130000e-03   8.5400000e-04  -2.2830000e-03   2.0631000e-02   5.8190000e-03  -2.5939000e-02  -2.9740000e-03
  -3.8930000e-03  -7.8370000e-03  -4.1394300e-01   4.1819000e-02  -1.1246000e-02  -2.4420000e-03  -9.1280000e-03  -4.9690000e-03
   7.2110000e-03   3.9000000e-04  -2.8500000e-03   2.0410000e-03  -2.6782000e-02  -1.3710000e-03   2.8018000e-02   2.3700000e-04
   8.0848700e-01   1.2060000e-03  -5.5609000e-02   9.0120000e-03   7.7130000e-03   1.2800000e-04   5.0600000e-04   9.3620000e-03
  -2.1705900e-01   4.2250000e-03  -3.4728000e-02   2.8680000e-03  -1.2172000e-02  -7.9900000e-04  -3.3400000e-03  -1.0772000e-02
  -3.5357200e-01  -2.1290000e-03  -4.0539000e-02  -8.9610000e-03   3.8190000e-03   2.4650000e-03   2.3520000e-03  -6.2900000e-03
  -8.1437800e-01   5.5510000e-02   5.9652000e-02  -9.5000000e-03   7.3900000e-04   1.6430000e-03   5.5888000e-02   1.9590000e-03
   1.9300300e-01  -3.9053000e-02   4.3558000e-02  -4.6070000e-03  -1.8630000e-03   1.8060000e-03  -5.7793000e-02   5.5240000e-03
  -3.5175300e-01   1.0393000e-02  -4.1767000e-02  -5.8090000e-03   3.4720000e-03  -3.1420000e-03  -9.9950000e-03  -3.6320000e-03
   8.1325000e-01   4.6440000e-03   1.5364000e-02  -9.3300000e-03  -6.1587000e-02   8.2280000e-03  -6.2874000e-02   1.0852000e-02
   3.8899200e-01   6.2948000e-02  -2.2688000e-02  -7.7980000e-03  -1.4594000e-02   5.7100000e-03  -1.8339000e-02   7.6370000e-03
   1.2390000e-03   7.8320000e-03   4.4902000e-02  -1.9180000e-03  -5.3199000e-02  -6.0300000e-04   4.6442000e-02   5.3200000e-04
  -5.3000000e-03  -8.1753600e-01   6.5829000e-02  -1.2793000e-02  -1.5262000e-02   7.5700000e-03  -1.4927000e-02   9.5320000e-03
  -7.0988000e-02  -3.8351600e-01   2.0650000e-02  -6.6700000e-03   3.3574000e-02   5.4110000e-03   2.6494000e-02   7.0230000e-03
  -4.9810000e-03   3.7200000e-04  -5.0400000e-02   2.4360000e-03   4.6128000e-02   2.8500000e-04  -5.1189000e-02   3.3930000e-03
   5.7160000e-03   4.2567000e-02  -1.7324000e-02   1.4582000e-02  -9.2210000e-03  -2.9800000e-03   2.1317000e-02  -2.0523000e-02
  -2.6988900e-01  -3.6141000e-01   1.0399700e-01   4.6098000e-02   4.3015000e-02  -1.3494000e-02  -3.3190600e-01   4.4872000e-02
   2.2623600e-01  -1.2917100e-01  -8.3363000e-02   4.0626000e-02   4.1700000e-02  -1.2860000e-02   2.0085700e-01  -8.4036000e-02
   1.4082400e-01   6.3969000e-02   1.8672000e-02   1.7141000e-02  -3.2818000e-02   4.0077000e-02   1.2708900e-01   2.7132000e-02
   1.1371500e-01  -1.3099500e-01   3.7982000e-02  -6.8060000e-03  -1.8857000e-02   3.4480000e-03   1.1963400e-01   3.4843000e-02
   6.4930000e-03   2.3481000e-02  -9.0628000e-02   5.8230000e-03  -1.3291000e-02   8.0620000e-03  -3.0600000e-02   1.9209000e-02
   4.4757070e+00  -2.5794800e-01   3.0773000e-02  -8.5046000e-02  -2.1602400e-01   2.1462000e-02   4.0337400e-01   1.9569000e-02
  -8.5455000e-02  -1.0606000e-02   5.5491000e-02   2.1036000e-02   2.2741000e-02  -3.0200000e-04  -2.3050000e-03  -9.8800000e-03
  -3.8030400e-01   1.8834000e-02  -1.0636200e-01   1.2580000e-02   3.4269000e-02  -1.6417000e-02   4.2252000e-02  -9.5220000e-03
  -7.3802000e-02  -2.5710000e-03   2.9029000e-02   3.7663000e-02  -1.9683000e-02   5.3560000e-03   2.1895000e-02  -1.6138000e-02
  -5.4752000e-02   2.1740000e-03  -5.0040000e-03  -1.8976000e-02   9.4360000e-03  -6.1630000e-03   1.8239000e-02   2.0187000e-02
  -2.0163800e-01   2.0412000e-02   1.6940000e-03   3.1562000e-02  -7.6600000e-03   3.6100000e-03   6.3928000e-02  -1.5977000e-02
  -6.0036600e-01   4.5500000e-04   6.8145000e-02  -6.5293000e-02  -1.0824000e-02   1.6030000e-03   9.0466000e-02  -5.7622000e-02
   9.4720000e-02  -4.7398000e-02  -7.9050000e-03  -1.5432000e-02  -1.9051000e-02   1.6587000e-02  -3.2058000e-02  -1.8270000e-03
   6.3042000e-02   2.1837700e-01  -9.4948000e-02  -1.5114000e-02  -3.4910000e-03  -5.5388000e-02   8.6640000e-03  -1.1204400e-01
  -6.9094000e-01  -2.7862000e-02   9.3295000e-02  -2.1021000e-02   5.3780000e-03   4.7480000e-03   1.4168500e-01  -1.3244600e-01
   2.9951000e-01   2.7304000e-02   4.1089000e-02  -2.1850000e-03   1.0963000e-02   2.6545000e-02   2.2079000e-02   4.0366000e-02
  -1.1853820e+00  -3.3165000e-02   1.1571600e-01  -8.4343000e-02  -1.1617000e-01   3.0588000e-02   9.0269000e-02   3.5516000e-02
  -1.1560600e-01   6.1763000e-02  -8.8071000e-02   2.8058000e-02  -7.4348000e-02  -1.3711000e-02   5.2678000e-02  -8.1628000e-02
  -5.4775000e-02  -2.6605700e-01  -1.1617000e-02  -3.4998000e-02   1.3705000e-02   1.2997000e-02  -2.8881000e-02   1.0610000e-03
  -3.6717000e-02   1.0640040e+00  -1.4116200e-01  -4.9677000e-02  -1.4367300e-01   5.5372000e-02  -1.4007100e-01   5.3756000e-02
  -8.2267000e-02   6.1948000e-02  -2.0387000e-02   8.3509000e-02  -9.5101000e-02  -5.5919000e-02   9.1944000e-02  -3.4508000e-02
   1.0387900e-01  -9.6589000e-02   1.9424000e-02  -7.0920000e-03  -2.7002000e-02   8.6900000e-03   1.0865600e-01   1.4994000e-02
   1.4521200e-01  -2.3666900e-01  -3.4708000e-02   4.5750000e-03   8.0856000e-02   9.3000000e-04   1.4639800e-01  -4.4848000e-02
  -1.8394000e-01  -1.7990200e-01  -1.8472000e-02   4.7251000e-02  -3.3741000e-02   6.2823000e-02  -1.7478400e-01  -1.4593000e-02
  -1.2856600e-01   1.2958600e-01  -1.6852000e-02   1.1956000e-02   2.2241000e-02  -1.5802000e-02  -1.3253300e-01  -9.5140000e-03
   5.1093000e-02   2.3805000e-02  -2.9825000e-02  -2.1195000e-02  -4.0235000e-02   1.2000000e-03   5.8359000e-02  -4.0530000e-02
   1.1549000e-02   8.2000000e-05  -4.4570000e-03  -8.0230000e-03   1.9776000e-02   8.3000000e-03  -2.5057000e-02  -5.6820000e-03
  -8.5455000e-02   6.2150000e-03   1.8221000e-02   4.4149000e-02   1.6954000e-02  -4.3050000e-03  -1.5275000e-02   3.2340000e-03
   3.9832530e+00   1.3606100e-01  -1.0783100e-01   4.1589000e-01   1.8238900e-01   7.6364000e-02   2.3383200e-01  -7.7490000e-03
  -2.7854000e-02   1.8590000e-03  -8.6650000e-03   2.7460000e-03   3.0345000e-02   6.6740000e-03  -4.0881000e-02  -1.4288000e-02
   5.0991400e-01   1.1229800e-01  -2.4432400e-01   8.6410000e-03  -1.0235500e-01   2.7226000e-02  -8.2456000e-02   1.4658000e-02
  -3.4013900e-01  -4.7522000e-02  -6.8330000e-03   1.7956000e-02   4.8895000e-02  -6.4730000e-03   4.4553000e-02  -4.8891000e-02
  -9.6576300e-01  -4.3595000e-02  -4.4159000e-02   8.0176000e-02   2.0580000e-02  -5.6000000e-05   6.3350000e-02  -5.7865000e-02
  -8.4342800e-01   8.3122000e-02   6.1736000e-02   1.0422800e-01   1.2231400e-01   3.9954000e-02   1.0223400e-01   1.0022400e-01
  -3.4022700e-01  -7.1880000e-02   6.3790000e-03   4.6720000e-03   3.2089000e-02  -1.4531000e-02   6.2670000e-02  -1.3899000e-02
  -9.2832400e-01   8.7016000e-02  -1.0788700e-01   7.8656000e-02   1.8906000e-02  -2.0869000e-02  -1.5076000e-02  -1.0066900e-01
   7.9533300e-01  -1.3977200e-01  -1.2279900e-01  -3.9771000e-02  -9.0015000e-02  -5.4981000e-02  -1.3310400e-01  -7.8591000e-02
   1.0849000e-02  -1.3339000e-02   1.1365000e-02   1.5746000e-02  -1.0839000e-02   6.9930000e-03   1.6154000e-02  -7.7390000e-03
  -5.9144000e-02  -2.7900000e-02   1.4845000e-02   7.6486000e-02   4.1738000e-02   2.1770000e-03  -2.5460000e-02  -7.9560000e-03
   2.7491700e-01   1.1381100e-01  -1.0399000e-02   1.9905000e-02  -1.0991200e-01  -1.7821000e-02  -8.4341000e-02  -3.5498000e-02
   9.3380000e-03  -1.3938000e-02  -1.0734000e-02  -4.2300000e-04   4.2900000e-03   2.0683000e-02  -2.7200000e-03  -1.4925000e-02
   2.4997000e-02   5.3262000e-02   2.4870000e-03   1.1234000e-02   2.5593000e-02   4.3140000e-03  -4.9526000e-02  -6.2301000e-02
  -1.0484300e-01  -2.7588600e-01   8.6697000e-02   3.5514000e-02  -9.1987000e-02   2.0882000e-02   1.7710000e-03  -1.3950000e-02
   2.1242700e-01   2.0390200e-01   6.8620000e-03  -7.3500000e-04   6.9230000e-03   6.6900000e-04   2.0643900e-01   6.8400000e-03
   2.9992000e-02   9.9184000e-02  -4.8149000e-02   2.4126000e-02  -2.0242000e-02   1.5561000e-02   3.5416000e-02  -6.4527000e-02
  -1.2046800e-01   1.2732400e-01  -2.7657000e-02   7.3040000e-03   1.9945000e-02  -8.7440000e-03  -1.2563800e-01  -2.9872000e-02
   9.8716000e-02   1.0265500e-01  -1.8698000e-02  -5.3870000e-03  -1.5625000e-02  -5.7600000e-03   1.0989300e-01  -1.5116000e-02
   3.4606100e-01  -3.3220700e-01   8.0530000e-03   2.6100000e-03  -1.3455000e-02  -1.4050000e-03   3.3754900e-01   6.0380000e-03
  -3.8930000e-03  -9.7160000e-03  -4.1011900e-01   4.0980000e-02  -1.2631000e-02  -3.3540000e-03  -9.5680000e-03  -5.1990000e-03
  -3.8030400e-01   6.3860000e-03  -1.1035900e-01   8.0940000e-03   1.3570000e-02  -2.2562000e-02   3.7850000e-02  -6.0160000e-03
  -2.7854000e-02   1.4754000e-02   1.8316000e-02   6.6870000e-03   2.2934000e-02   9.9330000e-03  -3.4503000e-02  -1.6764000e-02
   1.8334930e+00   1.2881000e-02  -5.2891200e-01   5.3412000e-02   1.2579000e-02   3.4060000e-03   5.5000000e-05   1.5600000e-03
   1.9700000e-03   4.5290000e-03  -3.8340000e-03  -8.1200000e-04   4.2982000e-02   5.0110000e-03  -4.2855000e-02  -6.7790000e-03
   3.9658900e-01   7.4640000e-03  -8.4296000e-02   1.6780000e-02  -1.0030000e-02  -1.1800000e-04   6.7720000e-03  -1.1371000e-02
   9.7804200e-01   5.3500000e-03  -7.4870000e-02  -1.6880000e-03   1.2774000e-02  -6.0400000e-03  -1.5947000e-02   1.3187000e-02
  -3.0710100e-01   8.8350000e-03  -6.8167000e-02  -2.4570000e-03  -6.4600000e-03  -4.7930000e-03  -3.0824000e-02   2.2348000e-02
  -3.8069500e-01   6.3520000e-03   8.9691000e-02  -1.4705000e-02  -1.5159000e-02  -2.4770000e-03   9.8860000e-03  -1.2063000e-02
  -9.5836400e-01  -9.6246000e-02   8.3373000e-02  -1.8230000e-03   1.1688000e-02   1.1185000e-02  -8.0256000e-02   3.4273000e-02
  -2.9269200e-01  -6.8430000e-03  -6.6745000e-02   7.7200000e-04   9.3930000e-03   1.3010000e-03  -1.1021000e-02   1.7699000e-02
  -8.4971300e-01  -2.8451000e-02   1.8981000e-02  -9.3750000e-03   7.1416000e-02  -6.1950000e-03   7.7495000e-02  -8.1760000e-03
   4.1543800e-01  -3.0873000e-02  -9.5730000e-03   9.7170000e-03   7.1095000e-02  -1.4506000e-02   4.5195000e-02  -1.4693000e-02
   2.7069000e-02  -9.6380000e-03   5.7085000e-02  -1.0801000e-02   1.2155300e-01   2.0390000e-03  -1.2586200e-01   1.6587000e-02
   4.6991000e-02   8.1658600e-01  -7.7494000e-02   8.4010000e-03  -3.1593000e-02   7.3720000e-03  -2.3726000e-02   7.2150000e-03
   5.2887000e-02  -3.8396900e-01  -3.8636000e-02   1.8938000e-02   2.1427000e-02  -6.0580000e-03   7.5040000e-03  -6.8390000e-03
   1.4889000e-02  -7.0270000e-03   1.0597100e-01  -1.0283000e-02   8.5503000e-02  -2.1870000e-03  -8.3652000e-02   1.2788000e-02
  -3.4919400e-01   3.4874500e-01   1.6246000e-02  -6.5860000e-03  -1.7657000e-02   6.7640000e-03  -3.4527000e-01   1.4600000e-02
   1.2664000e-01  -1.3843200e-01   4.4158000e-02  -7.2950000e-03  -3.4544000e-02  -5.5740000e-03   1.4082400e-01   3.8425000e-02
   6.6308000e-02   9.6455000e-02  -1.0596000e-02  -8.0090000e-03  -1.0748000e-02  -1.2852000e-02   6.9122000e-02  -1.4797000e-02
   3.3016200e-01  -3.3870800e-01   4.1910000e-03   6.1000000e-04  -1.1390000e-03   2.4010000e-03   3.3010600e-01   7.4380000e-03
  -3.0624300e-01  -2.9963600e-01  -7.6400000e-04  -1.7961000e-02  -2.1570000e-03  -1.6065000e-02  -3.0285100e-01  -1.6670000e-03
   7.2110000e-03  -1.2450000e-03  -3.1560000e-03  -5.7300000e-04  -2.8041000e-02  -2.6000000e-05   2.9820000e-02  -1.5250000e-03
  -7.3802000e-02   2.3410000e-03   4.2810000e-03   4.3522000e-02  -2.6501000e-02  -5.6200000e-03   2.3676000e-02  -1.9878000e-02
   5.0991400e-01   1.0173300e-01  -2.5250800e-01   1.4595000e-02  -9.4678000e-02   2.1022000e-02  -7.4959000e-02   1.2084000e-02
   1.9700000e-03   9.0400000e-04   1.2700000e-03  -4.2250000e-03   4.1685000e-02   8.2600000e-03  -4.2092000e-02  -7.3310000e-03
   1.9765330e+00   3.9700000e-02   2.0984300e-01  -1.1126000e-02  -1.0036000e-02   8.5620000e-03  -8.3100000e-04   8.3510000e-03
  -7.8001900e-01  -1.7901000e-02  -2.6173000e-02   9.1970000e-03   9.0380000e-03   2.6600000e-04   1.3722000e-02  -7.9560000e-03
   1.2938000e-01  -1.0241000e-02  -2.1029000e-02   3.3003000e-02   5.3850000e-03  -4.5700000e-04   2.2640000e-02  -2.2932000e-02
  -7.1858400e-01  -1.3230000e-03  -6.1297000e-02   1.2170000e-02   1.6559000e-02  -1.6840000e-03   2.2920000e-03   1.7094000e-02
  -7.8526900e-01  -1.3199500e-01  -2.2497000e-02   6.5520000e-03   1.6764000e-02  -3.4630000e-03   1.2271900e-01  -1.0466000e-02
   1.4701100e-01   1.4150400e-01  -3.8816000e-02   2.9406000e-02  -3.6160000e-03  -6.3090000e-03  -1.1019200e-01  -2.9086000e-02
   6.8904600e-01  -2.4505000e-02   5.0450000e-02   2.9940000e-03  -1.2483000e-02   8.6200000e-04  -3.1270000e-02  -7.5080000e-03
   1.0350000e-03  -3.2760000e-03   2.2754000e-02   3.0650000e-03   4.6593000e-02  -8.9630000e-03  -4.4288000e-02   6.9680000e-03
  -2.8084000e-02  -1.0862000e-02  -4.9989000e-02   1.1384000e-02  -4.5190000e-03  -8.6600000e-03   1.0332000e-02   3.3350000e-03
  -1.1231260e+00   5.5590000e-03   4.2422000e-02   9.6560000e-03  -1.7225000e-02   5.7800000e-03   4.2630000e-03  -4.1410000e-03
   1.9810000e-03   5.1850000e-03   4.8596000e-02  -8.0600000e-03   2.3609000e-02  -4.5500000e-04  -2.2732000e-02  -4.2500000e-04
   7.5430000e-03   2.4183000e-02  -2.1441000e-02  -4.1430000e-03  -4.7295000e-02  -1.0658000e-02   4.0827000e-02  -1.0304000e-02
   3.6210000e-03   1.1249020e+00  -5.5250000e-03   3.6720000e-03  -7.6298000e-02   3.8000000e-03  -4.4196000e-02  -7.1720000e-03
   1.2433000e-02   8.2078100e-01  -5.9435000e-02   1.1731000e-02   1.8398000e-02  -8.5130000e-03   1.6808000e-02  -7.0960000e-03
  -3.4120000e-02   2.0601700e-01  -5.7172000e-02   1.8655000e-02  -5.2350000e-03  -2.2406000e-02  -1.5785000e-02  -3.6432000e-02
   1.5611000e-02  -9.3150000e-03   2.6512000e-02   1.2928000e-02   2.2230000e-02   9.4840000e-03  -6.4100000e-03  -5.3970000e-03
  -2.3793000e-02  -8.1431600e-01   8.6316000e-02  -4.5930000e-03   2.8299000e-02  -7.9490000e-03   2.8701000e-02  -5.3450000e-03
   7.0070000e-03  -2.4900000e-03  -4.7270000e-02   1.1745000e-02  -2.6449000e-02  -4.1710000e-03   2.9725000e-02   2.0090000e-03
   8.0848700e-01  -5.5937000e-02   8.1692700e-01  -5.7967000e-02  -5.8815000e-02  -1.2290000e-03  -1.3640000e-03  -1.5660000e-03
  -5.4752000e-02   2.1766000e-02  -1.1695700e-01  -2.8820000e-03   4.2143000e-02   2.0649000e-02   4.3800000e-03  -6.6900000e-04
  -3.4013900e-01  -5.8090000e-02   3.3181600e-01   2.2970000e-03   7.1800000e-02  -3.5835000e-02   2.2435000e-02  -1.5178000e-02
   3.9658900e-01  -3.6000000e-03   4.0219100e-01  -9.1017000e-02  -9.6770000e-03   1.4071000e-02   1.1554000e-02   2.6640000e-03
  -7.8001900e-01  -1.2334000e-01   7.7713400e-01   1.9783000e-02   1.3117800e-01  -1.7529000e-02   1.1798000e-02  -6.6200000e-03
  -2.2030170e+00   2.3162000e-02  -9.0553000e-02  -1.8801000e-02  -3.7046000e-02   7.4780000e-03  -3.1806000e-02   7.4790000e-03
   8.5296000e-02   3.7131000e-02   1.3496000e-02  -3.5132000e-02  -1.1223000e-02   6.4330000e-03  -3.2875000e-02   1.6038000e-02
   1.6144000e-02  -5.6270000e-03  -1.1418600e-01  -2.2191000e-02  -3.1848000e-02   7.5270000e-03   2.8519000e-02  -7.6800000e-04
   3.1196400e-01   3.6466000e-02  -7.8310000e-03   4.3130000e-03  -2.0865000e-02   3.4070000e-03  -1.5161000e-02   4.5270000e-03
   2.7599700e-01  -2.5326500e-01   9.9765000e-02  -1.0665000e-02  -2.8460000e-03   1.1890000e-02  -1.9834000e-02   2.2884000e-02
   1.3502000e-02  -8.6910000e-03  -1.9095400e-01  -8.2560000e-03   3.2830000e-03  -7.0820000e-03   5.6490000e-03   1.4930000e-02
  -5.6211000e-02  -5.5989000e-02  -5.7577000e-02   1.1224000e-02  -5.6475000e-02   7.5530000e-03   7.3850000e-03  -3.9790000e-03
   2.3338000e-02  -8.4498000e-02  -9.4860000e-03  -1.9364000e-02  -9.0076000e-02   2.1039000e-02   8.6700000e-03  -6.4900000e-04
   1.0210600e-01  -3.6657000e-02  -7.6615000e-02   1.1323000e-02   3.3549000e-02   6.9640000e-03  -1.2495000e-02   1.1439000e-02
  -7.9900000e-04   2.5113100e-01  -3.5090000e-03   5.9600000e-03   2.5073200e-01  -9.6490000e-03  -6.4060000e-03   4.1090000e-03
  -1.7689000e-02  -8.3108000e-02  -3.4600000e-04  -1.2090000e-03  -6.5368000e-02   1.2498000e-02  -5.9870000e-03   3.4610000e-03
   3.0136000e-02   1.6640700e-01  -1.3836000e-02   7.2490000e-03  -1.5345400e-01  -3.5170000e-03  -6.4310000e-03   9.3300000e-03
   7.3796000e-02   3.8916200e-01  -2.0316000e-02   7.3040000e-03  -1.8597000e-02  -4.9730000e-03  -2.2755000e-02  -2.3270000e-03
   2.5814000e-02  -1.3128380e+00  -1.8600300e-01   5.1368000e-02   4.9992000e-02  -1.0684300e-01   3.3681000e-02  -1.4629600e-01
   2.5975000e-02   6.5804000e-02   3.1678000e-02   4.9116000e-02   2.3825000e-02   6.5400000e-04  -5.2738000e-02  -7.6930000e-03
  -6.4819000e-02   4.9141200e-01   7.7394000e-02  -1.9801000e-02   2.2884000e-02   2.6520000e-02   1.6698000e-02   3.8616000e-02
   2.0760000e-02   1.5769000e-02   3.7870000e-03   1.9392000e-02   6.4219000e-02  -7.3320000e-03  -5.2658000e-02  -1.3009000e-02
  -2.1705900e-01   5.9211000e-02  -1.9440100e-01  -4.5634000e-02   4.3868000e-02   6.0040000e-03  -4.8260000e-03  -5.0700000e-04
  -2.0163800e-01   8.5690000e-03  -8.0157000e-02   8.8228000e-02  -2.6297900e-01  -2.9108000e-02   8.5844000e-02   8.8050000e-03
  -9.6576300e-01   1.9043000e-02   9.3591200e-01   7.7030000e-02  -9.4971000e-02  -2.3500000e-03   9.1343000e-02  -4.3521000e-02
   9.7804200e-01   5.4933000e-02   9.7144100e-01  -9.3278000e-02   1.0027400e-01  -3.9400000e-04  -2.6093000e-02  -4.0510000e-03
   1.2938000e-01   1.0802700e-01  -1.4740000e-01   3.1100000e-02  -1.3980100e-01   9.0420000e-03   2.7820000e-02  -1.4127000e-02
   8.5296000e-02  -1.9006000e-02   1.8657000e-02  -3.5041000e-02   5.0387000e-02  -4.5760000e-03   6.7680000e-03   7.4840000e-03
  -2.3580050e+00   1.3636000e-02  -4.4633000e-02  -1.7140000e-02   2.8368000e-02  -1.2310000e-03   4.0783000e-02   2.1040000e-03
   1.3953000e-02  -4.6540000e-03  -6.4543000e-02   6.1850000e-03   7.0809000e-02  -2.4370000e-03  -5.9797000e-02  -8.3480000e-03
   2.7268000e-01  -2.3306800e-01   9.8889000e-02  -8.6570000e-03  -3.1720000e-03   1.0044000e-02  -1.6945000e-02   2.3961000e-02
   1.4570200e-01   6.5073000e-02  -1.1664000e-01  -3.7700000e-03  -6.0570000e-03  -8.1450000e-03  -2.5265000e-02  -1.7600000e-04
   9.1320000e-03  -2.4744000e-02  -5.8110000e-02  -7.5310000e-03   1.1196000e-02  -2.4100000e-03   7.8530000e-03   3.6640000e-03
  -8.4207000e-02   3.6805000e-02  -9.0940000e-02   2.6129000e-02   1.8949000e-02  -7.2460000e-03   1.4337000e-02   1.8430000e-03
   4.8091700e-01   4.5651400e-01   4.7036300e-01  -2.3550000e-03   4.9229700e-01  -1.6845000e-02  -9.3230000e-03  -8.8090000e-03
   2.0719200e-01  -3.3426500e-01  -2.2623800e-01  -7.0990000e-03   3.3356100e-01  -2.0951000e-02   2.0636000e-02  -9.9280000e-03
   8.0790000e-03  -9.2365000e-02  -2.1721000e-02   4.6540000e-03  -1.0804600e-01  -2.0960000e-02  -1.1462000e-02  -1.0272000e-02
   1.0327000e-02  -2.0700400e-01   3.2950000e-03  -2.4821000e-02  -1.9327000e-01   3.8910000e-03   6.1180000e-03   2.3440000e-03
  -1.2019000e-02  -1.6957300e-01  -4.6940000e-03   4.8188000e-02   1.8737100e-01   8.4900000e-04  -1.2280000e-02  -1.7507000e-02
  -3.4860000e-03   3.0290000e-03   5.6570000e-02  -1.4560000e-03  -5.2577000e-02  -7.9500000e-04   4.9694000e-02   2.4070000e-03
  -5.8604000e-02   5.2807000e-02   9.9642000e-02   3.6044000e-02   9.9202000e-02   1.7352000e-02  -1.3277400e-01  -1.3577100e-01
  -1.5457000e-02   1.7494400e-01  -2.4370300e-01  -7.6917000e-02  -6.9535000e-02  -5.1703000e-02   1.8148000e-02  -5.9276000e-02
   8.7210000e-03  -1.3484000e-02  -1.2623100e-01  -1.0961000e-02  -7.4490000e-02  -3.1000000e-04   9.5766000e-02   2.2581000e-02
  -3.9910000e-03  -1.1306030e+00  -2.7797000e-02  -4.1490000e-03   3.6886000e-02  -3.2200000e-03   7.0031000e-02  -6.7040000e-03
  -3.5357200e-01   1.1975000e-02   3.5351300e-01   4.1691000e-02  -1.4214000e-02  -2.9120000e-03   3.2850000e-03  -3.8620000e-03
  -6.0036600e-01  -1.4266700e-01   6.8542100e-01  -7.2254000e-02   2.2943000e-02   1.3682000e-02   1.4783900e-01   5.7598000e-02
  -8.4342800e-01   1.2413600e-01  -7.5299300e-01   9.3539000e-02   1.2308500e-01   9.9810000e-02   9.5804000e-02   3.0326000e-02
  -3.0710100e-01   1.5330000e-03   2.9085400e-01   7.1340000e-02   1.2489000e-02  -1.2712000e-02  -1.6069000e-02  -1.5410000e-03
  -7.1858400e-01   3.0564000e-02  -6.7709500e-01  -5.6099000e-02   1.8253000e-02   1.7209000e-02   1.3405000e-02  -5.5810000e-03
   1.6144000e-02   7.7000000e-04   1.0313800e-01   8.6760000e-03  -1.0566000e-02  -8.3710000e-03   1.0216000e-02   2.7110000e-03
   1.3953000e-02  -5.6920000e-03   5.2755000e-02  -3.8980000e-03   2.6868000e-02  -5.7320000e-03  -2.4448000e-02   7.5510000e-03
  -2.5386590e+00  -2.6111000e-02   5.2730000e-01   1.6149000e-02  -3.9166000e-02  -2.0177000e-02  -5.5504000e-02  -1.3646000e-02
   1.3679000e-02  -7.3660000e-03  -1.9671200e-01  -3.4320000e-03   7.2490000e-03  -1.0212000e-02   4.5680000e-03   1.7555000e-02
   1.4770000e-02  -2.6028000e-02  -6.8105000e-02  -6.2490000e-03   1.0386000e-02  -6.0010000e-03  -5.9600000e-04   8.1430000e-03
  -2.0678400e-01  -2.9764000e-02   1.3366500e-01   1.3899000e-02   4.5068000e-02   2.4711000e-02   2.6594000e-02   2.3711000e-02
   4.3558000e-02  -8.7730000e-02  -4.1266000e-02  -1.7277000e-02   7.3263000e-02  -1.8531000e-02   4.4701000e-02   2.9670000e-03
   3.2219300e-01  -1.8295400e-01  -3.1422500e-01   8.4460000e-03   1.9600100e-01  -9.4610000e-03   1.1180000e-03  -9.7480000e-03
   2.1876600e-01   1.9202900e-01   2.3025700e-01   4.5016000e-02   2.1105900e-01   3.3324000e-02   2.4250000e-02   1.6095000e-02
   1.9747000e-02   1.5069300e-01  -3.4863000e-02   2.1447000e-02  -1.6731900e-01   1.2164000e-02  -1.0621000e-02  -7.0000000e-04
  -5.1760000e-03  -1.5636300e-01   1.6502000e-02   2.5098000e-02   1.3763500e-01  -3.2200000e-04   1.4089000e-02  -7.0190000e-03
  -4.4336000e-02  -5.8963000e-02  -5.1683000e-02  -7.3696000e-02  -6.0732000e-02  -5.4323000e-02  -4.3195000e-02  -2.1908000e-02
  -8.2164700e-01  -1.0620000e-02  -1.5709000e-02   6.9320000e-03   5.8497000e-02  -1.1732000e-02   5.7073000e-02  -9.4760000e-03
  -2.4850000e-01   8.6330000e-02   4.0004000e-02   2.2761000e-02   5.7098000e-02   4.7470000e-03   6.1648000e-02  -6.2060000e-03
   4.4540000e-03  -1.5606000e-02   7.1900000e-03   4.3200000e-03   3.9664000e-02   1.4540000e-02  -3.5001000e-02  -1.0636000e-02
   8.2910200e-01   1.8980000e-03  -2.5499000e-02   6.8210000e-03  -1.0247200e-01   8.6600000e-04  -9.4255000e-02   2.1130000e-03
  -2.7320000e-03  -5.6730000e-03  -3.0276000e-02  -2.2530000e-03  -4.1435000e-02   9.7470000e-03   4.6042000e-02  -1.0600000e-02
  -8.1437800e-01   1.9360000e-03  -8.0676400e-01   5.8308000e-02   6.0600000e-04  -8.1740000e-03  -1.0090000e-02   2.0240000e-03
   9.4720000e-02  -3.4298000e-02   1.6794000e-02  -2.4197000e-02  -2.5845000e-02  -2.7018000e-02  -3.6524000e-02   5.8600000e-03
  -3.4022700e-01  -3.6885000e-02   3.4968200e-01  -1.0878000e-02   3.8718000e-02  -3.6352000e-02   4.0583000e-02  -4.8920000e-03
  -3.8069500e-01  -2.6850000e-03  -3.8008500e-01   9.2748000e-02  -1.5410000e-03   1.2835000e-02   1.5120000e-02  -9.3000000e-05
  -7.8526900e-01  -1.6942000e-02   7.8085000e-01   2.8882000e-02   1.9208000e-02  -7.9320000e-03   7.3990000e-03  -4.0840000e-03
   3.1196400e-01   1.0946000e-02  -3.0120000e-03   2.3200000e-04  -1.1123000e-02   3.8150000e-03  -1.0971000e-02   6.1520000e-03
   2.7268000e-01   1.4578000e-02   7.5784000e-02  -1.0629000e-02   4.1000000e-04   4.9610000e-03  -5.1400000e-03   9.5660000e-03
   1.3679000e-02   7.1070000e-03   1.9064400e-01  -9.0260000e-03  -9.4570000e-03   5.8630000e-03   5.7010000e-03  -9.0870000e-03
  -2.1998310e+00   2.1146000e-02  -9.5174000e-02  -1.6891000e-02  -3.9580000e-02   5.3320000e-03  -3.4647000e-02   6.1590000e-03
   7.5675000e-02  -1.2964000e-02   2.6522000e-02  -3.9789000e-02   4.6922000e-02  -7.7900000e-04   1.0446000e-02   8.4540000e-03
   9.8790000e-03   2.9680000e-03   1.1272200e-01   5.7520000e-03  -1.2442000e-02  -5.3380000e-03   1.4200000e-02   8.2200000e-04
   2.4844600e-01  -9.7690000e-03   2.5458600e-01  -8.2120000e-03  -9.8400000e-03   7.3000000e-04   1.5080000e-03  -3.3000000e-03
  -6.0096000e-02  -6.7000000e-03  -7.0270000e-02  -1.0333000e-02  -2.1531000e-02  -1.1910000e-03   6.0000000e-06  -4.2170000e-03
  -1.6306200e-01  -1.0524000e-02   1.8219000e-01  -8.2770000e-03   2.5170000e-02  -2.5543000e-02   1.0083000e-02   6.2060000e-03
  -6.5514000e-02  -4.2058000e-02  -6.0668000e-02   8.3620000e-03  -3.6192000e-02   1.5544000e-02   1.3205000e-02  -3.3870000e-03
  -8.8739000e-02  -1.4886000e-02  -8.5751000e-02   4.1420000e-03   4.4760000e-03  -1.4350000e-03  -1.2274000e-02   4.7300000e-03
   2.1280000e-02  -7.3068000e-02  -2.4640000e-02  -1.2405000e-02   9.1913000e-02  -3.5005000e-02   1.3547000e-02  -1.5330000e-03
  -3.8696100e-01  -6.3795000e-02   1.2680000e-02   6.1760000e-03   1.6330000e-02  -5.8770000e-03   1.6309000e-02  -6.0630000e-03
   1.3284590e+00  -7.8880000e-03  -4.7750000e-02   1.3627500e-01  -8.0544000e-02   1.6371000e-02   1.8997700e-01  -4.8175000e-02
  -4.7864000e-02  -1.4602000e-02   3.2551000e-02   1.3629000e-02   6.5782000e-02   5.0935000e-02  -4.4011000e-02  -4.5950000e-02
  -4.8372600e-01   6.0637000e-02  -1.0763000e-02  -3.4897000e-02  -4.3613000e-02   1.1234000e-02  -9.3062000e-02   2.2675000e-02
  -1.1126000e-02  -1.3472000e-02   3.7977000e-02   1.5362000e-02   3.4413000e-02   1.2441000e-02  -1.1025000e-02  -1.9142000e-02
   1.9300300e-01   5.2250000e-03   2.1355900e-01   3.0851000e-02  -3.6500000e-04   1.2690000e-02   1.0607000e-02   2.0460000e-03
   6.3042000e-02  -7.9052000e-02   2.7806900e-01   8.4450000e-03  -4.7655000e-02   7.1540000e-03   1.5030000e-03   9.0870000e-03
  -9.2832400e-01  -6.1363000e-02   9.8477100e-01   2.4060000e-02   3.6684000e-02  -1.1953000e-02   6.2786000e-02  -2.6807000e-02
  -9.5836400e-01   1.6433000e-02  -9.9795300e-01   6.0409000e-02   5.2110000e-03  -8.6950000e-03  -5.6070000e-03   1.6580000e-03
   1.4701100e-01  -2.3496000e-02  -1.2109100e-01   9.8940000e-03   1.2708000e-02  -6.0400000e-03   2.5124000e-02  -8.8180000e-03
   2.7599700e-01   1.5965000e-02   6.3440000e-02  -5.1860000e-03   7.1200000e-04   4.3210000e-03  -5.5540000e-03   1.0585000e-02
   1.4570200e-01   2.4040000e-02  -9.4658000e-02  -1.3628000e-02  -1.1898000e-02  -9.0940000e-03  -1.2058000e-02  -1.1428000e-02
   1.4770000e-02  -2.7850000e-03   5.0293000e-02   1.3339000e-02   1.9750000e-03   2.1740000e-03  -3.1140000e-03  -3.4730000e-03
   7.5675000e-02   3.3931000e-02   1.7566000e-02  -3.1815000e-02  -1.4674000e-02   5.3670000e-03  -3.6857000e-02   1.7414000e-02
  -2.3422490e+00   2.0708000e-02  -3.6742000e-02  -1.5184000e-02   2.5700000e-02   1.6320000e-03   3.3869000e-02   2.7130000e-03
   2.2867000e-02  -3.2980000e-03   5.8100000e-02  -5.9110000e-03   2.4826000e-02  -5.1500000e-03  -1.8338000e-02   4.2760000e-03
  -1.0815600e-01  -2.3895000e-02  -9.3413000e-02  -2.0860000e-03   3.3310000e-03  -1.9220000e-03   2.9300000e-04  -2.8920000e-03
  -1.7314500e-01   2.9130000e-03  -2.1882100e-01   8.8940000e-03   1.6573000e-02  -2.1663000e-02  -1.3124000e-02  -6.0160000e-03
   1.7980400e-01   5.6310000e-03  -1.7972300e-01  -8.0180000e-03  -1.6206000e-02  -3.6073000e-02   4.6858000e-02   9.4230000e-03
   1.4094000e-02  -7.2248000e-02   2.6283000e-02   1.6132000e-02  -8.7754000e-02   1.2053000e-02   2.4928000e-02  -5.1080000e-03
   4.8195800e-01   4.6351000e-01   4.6504900e-01  -1.6155000e-02   4.8145500e-01  -7.2330000e-03   3.1000000e-05  -1.1071000e-02
   3.3273100e-01  -2.2367800e-01  -3.3616600e-01   2.2024000e-02   2.0162300e-01   2.5162000e-02  -5.6400000e-03  -1.8662000e-02
  -4.1990000e-03   4.3180000e-03  -4.3885000e-02  -3.3970000e-03   4.7863000e-02  -2.2220000e-03  -5.2962000e-02  -4.6200000e-04
  -5.6698000e-02   5.5379000e-02   1.2844500e-01   1.1486400e-01   1.0716100e-01  -1.7442000e-02  -8.7251000e-02  -5.3037000e-02
  -1.6241600e-01   2.2190000e-02  -1.5999000e-02   6.1877000e-02   2.2421800e-01   9.4138000e-02   2.3984700e-01   7.7544000e-02
   8.2470000e-03  -1.1113000e-02  -9.4649000e-02  -1.5899000e-02  -1.4074100e-01   1.3550000e-03   1.2391000e-01   1.5702000e-02
   1.1383550e+00   9.2830000e-03  -7.3178000e-02   1.0822000e-02   1.4027000e-02   1.2154000e-02   2.3196000e-02   4.7620000e-03
  -3.5175300e-01   1.0010000e-03   3.5863400e-01   3.6139000e-02   7.2400000e-04  -3.8110000e-03   6.6440000e-03   3.8400000e-04
  -6.9094000e-01  -1.0831200e-01   5.9178600e-01  -8.1233000e-02  -2.1034000e-02   3.0650000e-03   6.4092000e-02   2.7650000e-02
   7.9533300e-01  -1.1529400e-01   8.5557900e-01  -9.9143000e-02  -8.2800000e-02  -1.1534500e-01  -8.1815000e-02  -6.5072000e-02
  -2.9269200e-01   2.9403000e-02   3.0662400e-01   6.4310000e-02  -1.0260000e-03   9.4280000e-03  -2.3673000e-02  -6.6290000e-03
   6.8904600e-01  -7.4130000e-03   7.2160000e-01   5.1148000e-02   2.4910000e-03  -1.7411000e-02  -1.1670000e-02  -7.1400000e-04
   1.3502000e-02   1.0779000e-02   1.8528600e-01  -3.0880000e-03  -6.6580000e-03   6.6320000e-03   2.6730000e-03  -7.7640000e-03
   9.1320000e-03  -1.0870000e-03   4.7953000e-02   1.5713000e-02   3.4940000e-03   1.2190000e-03  -6.6520000e-03   5.8600000e-04
  -2.0678400e-01   3.6462000e-02   1.0616900e-01   3.2463000e-02   2.1656000e-02   1.0271000e-02   1.2511000e-02   1.4530000e-02
   9.8790000e-03  -4.7440000e-03  -1.1913700e-01  -1.5668000e-02  -3.6033000e-02   5.5440000e-03   2.7496000e-02   2.3000000e-03
   2.2867000e-02   9.4500000e-04  -7.6691000e-02   5.6610000e-03   7.6172000e-02  -5.0700000e-04  -6.7134000e-02  -4.9480000e-03
  -2.5187750e+00  -3.0404000e-02   5.2596800e-01   1.2975000e-02  -4.0158000e-02  -2.1025000e-02  -5.3296000e-02  -9.5450000e-03
  -1.6596900e-01  -3.1420000e-02   1.4941400e-01  -4.2660000e-03   1.3698000e-02  -1.1895000e-02   2.1232000e-02   7.7400000e-03
   1.5335500e-01   1.9488000e-02  -1.6357500e-01   1.5216000e-02  -5.2760000e-03  -3.5189000e-02   2.3226000e-02   2.7600000e-03
  -5.9647000e-02  -4.5406000e-02  -6.4908000e-02  -4.6719000e-02  -4.7699000e-02  -8.0259000e-02  -7.4870000e-02  -1.2767000e-02
   7.8975000e-02  -3.4551000e-02  -9.3462000e-02   4.6259000e-02   4.2581000e-02   2.2260000e-02  -1.6019000e-02   4.2760000e-03
   2.0281700e-01  -3.1663300e-01  -1.8842100e-01  -6.3120000e-03   3.2708000e-01  -1.4958000e-02   3.8410000e-03  -6.5940000e-03
   2.1688400e-01   2.3248100e-01   1.9525700e-01   2.7480000e-02   2.1780100e-01   3.5506000e-02   4.5530000e-02   1.7136000e-02
   8.1284800e-01  -5.8544000e-02  -5.7654000e-02   1.0653000e-02  -2.5300000e-03  -1.8260000e-03  -5.9573000e-02  -2.3070000e-03
  -1.1754700e-01   9.4260000e-03  -4.7209000e-02  -1.0665000e-02  -2.7450000e-03  -6.7980000e-03   3.2629000e-02   1.8050000e-02
   3.4976500e-01   6.5713000e-02  -1.9300000e-04  -5.3860000e-03  -2.4375000e-02   9.7860000e-03  -6.9440000e-02   4.4078000e-02
   4.2522900e-01  -4.9870000e-03  -6.6886000e-02   2.2191000e-02   1.1185000e-02   2.7620000e-03  -7.1530000e-03   1.2067000e-02
   7.8153400e-01   1.2695300e-01   3.2667000e-02  -8.4980000e-03  -4.3880000e-03   5.7410000e-03  -1.3401500e-01   1.4406000e-02
   8.1325000e-01   7.8830000e-03   1.2235000e-02  -7.3390000e-03   3.8830000e-03  -4.3300000e-04   3.1510000e-03   4.6800000e-04
   2.9951000e-01   5.8524000e-02   1.4146000e-02  -4.6350000e-03   3.0380000e-02   6.2240000e-03  -2.9711000e-02   1.8230000e-02
   1.0849000e-02  -2.4220000e-03  -3.2468000e-02  -2.0134000e-02  -2.3087000e-02  -1.3814000e-02   2.3001000e-02   8.2470000e-03
  -8.4971300e-01  -2.2834000e-02   2.2989000e-02  -8.7260000e-03  -1.4960000e-02  -3.0870000e-03  -2.9550000e-03  -4.2610000e-03
   1.0350000e-03  -2.0700000e-04  -2.8987000e-02  -3.5500000e-04  -2.0314000e-02  -4.0330000e-03   2.1139000e-02   2.6640000e-03
  -5.6211000e-02  -9.6530000e-03   1.0562000e-02  -3.3450000e-03   2.9700000e-03  -8.9500000e-04  -6.1470000e-03   5.6780000e-03
  -8.4207000e-02   2.7000000e-05   1.1324000e-02  -1.7310000e-03  -2.4310000e-03   1.8860000e-03   1.3300000e-03  -1.9340000e-03
   4.3558000e-02   1.2130000e-03   2.4148000e-02  -5.8840000e-03   1.6950000e-03   6.4600000e-04   9.9770000e-03  -1.0375000e-02
   2.4844600e-01  -9.5600000e-04  -4.0980000e-03   3.7040000e-03   5.2760000e-03   3.2690000e-03  -2.3150000e-03   5.6510000e-03
  -1.0815600e-01   2.7324000e-02  -2.3304000e-02  -2.6660000e-03  -2.5360000e-03  -1.7200000e-03   1.5175000e-02  -1.4107000e-02
  -1.6596900e-01  -1.0285000e-02   1.1159000e-02  -3.7100000e-03  -1.0507000e-02  -1.0220000e-03   1.8932000e-02  -2.2930000e-03
  -2.1621060e+00   3.2240000e-02  -7.2212000e-02  -1.2943000e-02  -2.5132000e-02   6.1700000e-03  -3.1939000e-02   8.7470000e-03
   1.0636300e-01   1.5467000e-02   3.0511000e-02  -3.1537000e-02  -3.5625000e-02   6.1170000e-03  -2.2614000e-02   6.9290000e-03
  -1.5869000e-02   3.0050000e-03  -1.0240300e-01  -1.5660000e-03  -3.5132000e-02  -3.0890000e-03   3.3960000e-02  -7.3410000e-03
   2.7888800e-01   3.2273000e-02  -2.3660000e-02  -6.7980000e-03  -1.5265000e-02   9.4300000e-04  -2.4426000e-02   4.2660000e-03
   2.6724000e-01  -2.7975300e-01   6.4287000e-02  -1.6454000e-02  -2.9084000e-02   8.7280000e-03  -1.5887000e-02   5.8060000e-03
  -7.9300000e-03   7.1240000e-03  -1.6621500e-01   1.9692000e-02   2.0190000e-03  -9.3480000e-03  -1.1150000e-03   4.6680000e-03
  -2.0819900e-01   5.8688000e-02  -3.3830000e-02   4.8090000e-03  -2.3400000e-04  -1.0800000e-04   4.4150000e-02   5.3750000e-03
  -1.7834900e-01  -6.6943000e-02  -3.7063000e-02   3.7944000e-02   3.4002000e-02  -2.1237000e-02  -2.5534700e-01  -8.6187000e-02
   1.0205100e+00  -6.6460000e-02   7.8370000e-02  -5.4260000e-02  -5.9370000e-02   2.6571000e-02   8.8906000e-02   2.6155000e-02
   9.9460600e-01   7.2412000e-02  -5.0889000e-02  -2.3510000e-03  -2.1005000e-02   4.9500000e-04   1.0089200e-01   1.6089000e-02
  -1.0690900e-01  -1.2162600e-01   3.8248000e-02  -2.3434000e-02  -1.8117000e-02   3.8230000e-03   1.3664800e-01   6.4710000e-03
   3.8899200e-01   8.4570000e-03  -1.8813000e-02  -6.0950000e-03   7.7500000e-04   1.1270000e-03  -4.3300000e-04  -4.7900000e-04
  -1.1853820e+00  -9.8657000e-02   5.2022000e-02  -8.7356000e-02  -1.0738900e-01  -1.3017000e-02   9.4004000e-02   1.6065000e-02
  -5.9144000e-02  -1.3500000e-03   1.1128000e-02  -7.9080000e-03   5.2740000e-02  -4.8350000e-03  -4.7961000e-02  -1.3113000e-02
   4.1543800e-01   3.3589000e-02   5.1570000e-03   1.1423000e-02   2.0565000e-02   3.0440000e-03  -2.0266000e-02   3.0660000e-03
  -2.8084000e-02   5.7700000e-04   6.1649000e-02   1.0773000e-02   1.7387000e-02  -2.4530000e-03  -1.4572000e-02  -6.6600000e-04
   2.3338000e-02   1.9120000e-02  -1.0420000e-03  -3.5810000e-03  -2.2800000e-04   2.2020000e-03   7.3160000e-03  -5.2810000e-03
   4.8091700e-01   4.0390000e-03  -1.3155000e-02  -7.9630000e-03   4.6160000e-03   3.3790000e-03   1.7390000e-03   8.6100000e-03
   3.2219300e-01  -9.5300000e-04  -2.2435000e-02   2.3010000e-03   4.5600000e-04  -4.6630000e-03  -6.9620000e-03   5.7760000e-03
  -6.0096000e-02   7.2790000e-03   3.8800000e-03  -5.2700000e-03  -1.1307000e-02   3.5300000e-03   2.2866000e-02   1.2560000e-03
  -1.7314500e-01  -5.2469000e-02   2.8840000e-03   1.0519000e-02   6.6730000e-03   6.3500000e-03  -4.9533000e-02   2.4600000e-04
   1.5335500e-01   1.2440000e-03   7.9680000e-03   5.9790000e-03   1.0587000e-02   1.0690000e-03  -9.1010000e-03   6.4000000e-05
   1.0636300e-01  -3.3518000e-02   2.1203000e-02  -2.9972000e-02   8.3430000e-03   5.8900000e-04   3.9969000e-02   3.1750000e-03
  -2.3764640e+00   4.1930000e-02  -3.0381000e-02  -3.2634000e-02   4.1661000e-02   2.6640000e-03   2.3208000e-02   4.4510000e-03
   6.1160000e-03   8.9360000e-03  -8.8334000e-02  -1.0755000e-02   6.7630000e-02   5.4010000e-03  -6.5924000e-02  -1.5340000e-03
   2.8984700e-01  -2.5993500e-01   7.0341000e-02  -1.0534000e-02  -1.4030000e-02   9.9620000e-03  -1.9842000e-02   8.3480000e-03
   1.2180400e-01   1.2066100e-01  -7.4641000e-02  -1.6533000e-02  -6.7930000e-03   1.7286000e-02  -7.7580000e-03   6.9840000e-03
   9.3670000e-03   1.3838000e-02  -4.1620000e-02   8.8630000e-03   3.2980000e-03  -1.3248000e-02  -6.3990000e-03  -8.6000000e-04
   3.5452000e-01  -8.6970000e-03   3.1314000e-02   7.0980000e-03  -3.2120000e-03   3.3250000e-03   9.7680000e-03   1.5530000e-03
   6.7831700e-01   1.6809600e-01  -3.4400000e-03   1.0048900e-01  -1.0670900e-01  -2.0905000e-02   1.4915000e-02  -2.5211000e-02
  -1.0113230e+00   5.0101000e-02  -3.6508000e-02   1.0718000e-02   5.3315000e-02   7.3070000e-03   5.5027000e-02   3.6914000e-02
   2.7966700e-01  -1.8997000e-02   3.8887000e-02  -1.4151000e-02   1.3814000e-02  -1.3500000e-04  -1.9627000e-02   1.2189000e-02
  -7.4480700e-01   2.2511000e-02  -8.2204000e-02   5.2170000e-03   9.2860000e-03  -4.7500000e-04   1.4566000e-02   9.5550000e-03
   1.2390000e-03   3.8500000e-04  -4.0522000e-02  -1.6690000e-03   8.4130000e-03   5.6300000e-04  -6.4750000e-03  -1.1710000e-03
  -1.1560600e-01  -4.6925000e-02   8.8357000e-02   7.6489000e-02  -4.2265000e-02   3.5300000e-04   5.6160000e-02   5.4440000e-03
   2.7491700e-01   6.1730000e-03   9.5472000e-02  -2.7687000e-02  -6.6260000e-02  -4.5600000e-04  -3.7959000e-02  -2.3227000e-02
   2.7069000e-02   8.2780000e-03  -6.9294000e-02  -4.7050000e-03   1.2617000e-02  -1.3210000e-03  -1.0123000e-02  -2.3770000e-03
  -1.1231260e+00   2.3205000e-02   8.0114000e-02  -4.5770000e-03  -2.2314000e-02   3.0020000e-03  -1.2860000e-02  -3.1460000e-03
   1.0210600e-01  -9.2210000e-03  -3.7247000e-02   3.7720000e-03   8.7840000e-03  -4.4500000e-04   9.5340000e-03  -6.4730000e-03
   2.0719200e-01   5.4300000e-04   2.4844000e-02   1.6976000e-02   9.5820000e-03   3.9400000e-04  -1.3150000e-03  -1.1093000e-02
   2.1876600e-01  -2.2120000e-03   3.6461000e-02   2.8625000e-02   1.2272000e-02   1.0970000e-03  -1.7300000e-04   1.0616000e-02
  -1.6306200e-01  -1.7907000e-02  -2.1310000e-03  -7.8420000e-03   3.5000000e-03  -3.8000000e-04   4.9590000e-03   7.8640000e-03
   1.7980400e-01   7.0320000e-03  -1.9020000e-03   1.8226000e-02  -5.2300000e-03  -2.8030000e-03   1.0571000e-02  -1.0650000e-02
  -5.9647000e-02  -1.8214000e-02  -5.0821000e-02  -2.1905000e-02  -3.6640000e-03  -3.6660000e-03  -1.6813000e-02  -5.3800000e-04
  -1.5869000e-02  -8.7250000e-03   1.0149000e-01   1.4910000e-02  -8.5000000e-03   2.1110000e-03   5.8230000e-03   2.0650000e-03
   6.1160000e-03  -3.7810000e-03   7.6050000e-02   1.6375000e-02   2.8840000e-02  -7.5100000e-04  -2.3112000e-02   3.5700000e-04
  -2.4251650e+00  -1.0462000e-02   5.9104500e-01   5.5117000e-02  -3.6005000e-02  -2.0100000e-03  -1.3383000e-02  -7.2990000e-03
  -1.4764000e-02   1.6186000e-02  -1.7225600e-01   2.1585000e-02   5.4690000e-03  -8.4620000e-03  -9.0240000e-03   4.3470000e-03
  -8.4700000e-04   1.2140000e-02  -3.5317000e-02   5.2070000e-03   1.0100000e-04  -1.0806000e-02  -3.9770000e-03  -9.7200000e-04
  -2.8750800e-01  -5.9788000e-02   2.8508000e-02  -9.3240000e-03   8.3750000e-03   2.2940000e-02   3.7083000e-02   1.1730000e-02
  -8.1711100e-01   8.9800000e-04   5.7087000e-02  -9.6270000e-03  -8.0340000e-03   1.2520000e-03   1.4600000e-04  -6.6160000e-03
   2.0397000e-01   1.1828000e-02   2.9323000e-02  -1.0827000e-02  -3.1770000e-03   8.6890000e-03   1.5023000e-02  -2.2720000e-03
   3.2745300e-01   4.7456000e-02   4.8890000e-03  -1.0763000e-02  -3.7465000e-02   1.5217000e-02  -5.1795000e-02   3.9200000e-02
  -4.4460500e-01  -4.8050000e-03   7.4554000e-02  -2.0766000e-02   1.2824000e-02  -2.8400000e-04  -6.4040000e-03   1.1206000e-02
   7.8349900e-01   1.4409000e-02   2.4684000e-02  -6.2460000e-03  -2.0330000e-03   1.6790000e-03  -1.8124000e-02   8.2980000e-03
  -5.3000000e-03   7.0340000e-03   6.2679000e-02  -1.0088000e-02  -2.3610000e-03   3.1050000e-03  -1.7240000e-03   3.3170000e-03
  -5.4775000e-02   3.0440000e-03  -2.1301000e-02  -4.3154000e-02  -2.3916000e-02   1.4901000e-02  -3.9410000e-02   2.3748000e-02
   9.3380000e-03  -2.8260000e-03  -5.7230000e-03  -7.9020000e-03  -1.1524000e-02   1.1352000e-02   7.7860000e-03  -1.2988000e-02
   4.6991000e-02   2.5800000e-03  -6.7627000e-02   7.9080000e-03   6.5010000e-03  -1.8640000e-03   9.6790000e-03  -2.4280000e-03
   1.9810000e-03  -1.8980000e-03  -4.6546000e-02   6.0700000e-03  -3.6720000e-03   3.5190000e-03   3.8910000e-03  -1.4400000e-03
  -7.9900000e-04   9.5000000e-04   5.8370000e-03  -2.7890000e-03   4.4660000e-03  -1.7720000e-03   1.3590000e-03   3.7200000e-03
   8.0790000e-03  -3.0030000e-03   1.8730000e-03  -4.7070000e-03   1.0680000e-03  -7.4100000e-04   1.6000000e-03  -2.1880000e-03
   1.9747000e-02  -3.5260000e-03  -7.9560000e-03  -4.7260000e-03   5.1740000e-03  -1.7280000e-03   1.2850000e-03  -4.0070000e-03
  -6.5514000e-02  -1.7330000e-03   5.3730000e-03  -3.9360000e-03   7.3720000e-03  -1.5210000e-03  -5.0720000e-03   5.3360000e-03
   1.4094000e-02  -7.3070000e-03   3.2610000e-03   1.0050000e-02  -7.6990000e-03   3.7590000e-03   1.2499000e-02  -6.9200000e-03
   7.8975000e-02  -7.5940000e-03  -2.1158000e-02   1.3100000e-04   7.9890000e-03   1.2590000e-03   9.0070000e-03  -8.5460000e-03
   2.7888800e-01   7.8790000e-03  -2.9934000e-02  -3.1560000e-03  -9.1450000e-03   3.5390000e-03  -1.2115000e-02   4.2490000e-03
   2.8984700e-01   1.8283000e-02   8.9662000e-02  -9.4280000e-03   4.6430000e-03   6.3090000e-03   1.0200000e-03   8.8530000e-03
  -1.4764000e-02  -7.2170000e-03   1.7756200e-01  -9.2970000e-03  -1.3110000e-03   8.0130000e-03   8.9280000e-03  -4.5940000e-03
  -2.1782240e+00   3.2938000e-02  -7.5550000e-02  -1.4148000e-02  -2.6363000e-02   5.5600000e-03  -3.3684000e-02   9.4110000e-03
   1.2072000e-01  -2.9107000e-02   3.8813000e-02  -2.4540000e-02   1.7609000e-02   6.0780000e-03   4.7632000e-02   1.4160000e-03
  -7.8760000e-03  -1.0023000e-02   1.1209200e-01   1.0844000e-02  -4.7320000e-03   3.1420000e-03   8.4900000e-03   1.8130000e-03
   1.9500800e-01   3.4670000e-03   3.8806000e-02  -6.7360000e-03   9.9030000e-03   1.5320000e-03  -9.2200000e-04   1.2154000e-02
   1.9174100e-01  -5.0132000e-02  -3.3923000e-02   7.0090000e-03   1.7628000e-02   1.9280000e-03  -1.3550000e-02  -1.0730000e-03
   9.4821500e-01   6.1866000e-02   9.3591000e-02  -4.3433000e-02  -1.6869000e-02   1.4758000e-02  -6.0208000e-02   1.7551000e-02
  -1.0117400e+00   1.9153000e-02   7.1007000e-02  -1.0577000e-02  -8.2500000e-03   1.1710000e-03  -8.1100000e-04  -6.7890000e-03
  -1.4083400e-01   1.7848000e-02   4.5648000e-02  -1.9888000e-02  -9.0900000e-03   1.4310000e-03  -1.6503000e-02   1.0800000e-02
  -7.0988000e-02   5.6780000e-03   1.7738000e-02  -5.4890000e-03  -5.5020000e-03   2.1530000e-03  -6.1050000e-03   3.7510000e-03
  -3.6717000e-02   6.9820000e-02   1.1481000e-01  -4.3420000e-02   3.2705000e-02   2.3654000e-02   4.1333000e-02   1.7997000e-02
   2.4997000e-02  -7.5730000e-03  -2.4698000e-02  -4.6500000e-03   9.6250000e-03   2.4930000e-03   5.3760000e-03  -6.9590000e-03
   5.2887000e-02   9.9500000e-04  -6.7310000e-02   1.9678000e-02  -4.5820000e-03  -4.9380000e-03  -5.9240000e-03  -5.1450000e-03
   7.5430000e-03  -1.2800000e-04   1.1014000e-02   6.8240000e-03   2.1110000e-03   9.9200000e-04   7.9300000e-04  -2.7640000e-03
  -1.7689000e-02   3.5800000e-04  -9.7300000e-04  -3.6400000e-04  -8.7800000e-04   7.8000000e-05  -1.6140000e-03   1.3630000e-03
   1.0327000e-02   2.4910000e-03  -2.6959000e-02  -5.0370000e-03  -3.5030000e-03  -2.8920000e-03   7.7000000e-04  -5.6460000e-03
  -5.1760000e-03  -7.9500000e-04  -3.4351000e-02  -1.7520000e-03  -1.4290000e-03  -8.4910000e-03  -3.1100000e-04   2.6590000e-03
  -8.8739000e-02   2.9900000e-03   1.5339000e-02  -5.6480000e-03  -1.7390000e-03   2.1070000e-03   1.3910000e-03  -3.4600000e-04
   4.8195800e-01   1.4800000e-03  -1.7679000e-02  -2.6910000e-03   1.0431000e-02   2.5500000e-03   5.3320000e-03   5.9860000e-03
   2.0281700e-01  -1.4800000e-03  -5.2590000e-03   7.8080000e-03   6.8810000e-03  -1.2200000e-04  -4.7400000e-04  -6.8650000e-03
   2.6724000e-01   1.6214000e-02   8.9185000e-02  -1.2286000e-02   1.0360000e-03   4.4110000e-03  -2.8250000e-03   8.4480000e-03
   1.2180400e-01   1.9548000e-02  -1.0578500e-01  -6.5270000e-03  -1.3491000e-02  -1.3145000e-02  -2.1981000e-02  -5.4410000e-03
  -8.4700000e-04   1.6300000e-03   3.7505000e-02  -5.1780000e-03  -1.6670000e-03  -3.5830000e-03   1.1960000e-03   4.7150000e-03
   1.2072000e-01   3.0712000e-02   3.8432000e-02  -2.6386000e-02  -2.7591000e-02   8.7290000e-03  -1.7946000e-02   9.8470000e-03
  -2.4178310e+00   3.2021000e-02  -3.9418000e-02  -3.4476000e-02   3.6453000e-02   1.9440000e-03   1.8651000e-02   4.3880000e-03
  -1.3459000e-02  -4.7210000e-03   6.9835000e-02   1.7513000e-02   3.2599000e-02  -7.0800000e-04  -3.0065000e-02   1.4830000e-03
   3.5288100e-01   2.3110000e-03   3.2055000e-02   6.0680000e-03  -5.5840000e-03  -9.1000000e-04  -3.3170000e-03   3.1930000e-03
   7.4747900e-01   6.3161000e-02  -3.4146000e-02   7.6404000e-02  -7.1951000e-02  -9.8550000e-03   1.5233000e-02  -3.5965000e-02
   9.3592100e-01  -1.3773000e-02   1.4704000e-02   5.4170000e-03  -1.5476000e-02  -1.7560000e-03  -8.1100000e-03  -3.0606000e-02
   2.6309400e-01  -1.8062000e-02   4.7681000e-02  -1.4859000e-02   2.6976000e-02   6.0980000e-03  -4.1370000e-03  -3.0190000e-03
   7.1985800e-01   8.2990000e-03   6.5537000e-02   4.3730000e-03  -6.8400000e-03   8.2800000e-04   6.8070000e-03  -1.2556000e-02
  -4.9810000e-03   1.5440000e-03   5.5800000e-02  -2.8460000e-03  -4.2980000e-03   3.5080000e-03   4.0160000e-03  -4.9720000e-03
  -8.2267000e-02  -3.3159000e-02   6.4414000e-02   1.5050000e-03   1.2587000e-02   3.1848000e-02   5.4050000e-03  -2.0016000e-02
  -1.0484300e-01   5.7530000e-03   1.1406700e-01   1.0698000e-02  -2.2843000e-02   2.3864000e-02   6.4060000e-03   6.3400000e-04
   1.4889000e-02   5.5990000e-03  -1.0722100e-01  -6.0980000e-03   2.3360000e-03  -4.1170000e-03  -4.8990000e-03   2.1120000e-03
   3.6210000e-03  -3.0440000e-03   1.7808000e-02  -9.7650000e-03  -1.1805000e-02   4.9520000e-03  -1.6590000e-03  -1.5590000e-03
   3.0136000e-02  -2.5370000e-03  -2.5764000e-02  -3.4570000e-03   5.1290000e-03  -1.6920000e-03   2.0900000e-03  -2.7860000e-03
  -1.2019000e-02  -8.9500000e-04  -3.4760000e-02  -6.0790000e-03  -1.2010000e-03  -6.1470000e-03   9.5300000e-04   7.1100000e-04
  -4.4336000e-02  -9.0000000e-05  -7.8485000e-02  -1.3424000e-02   1.2980000e-03  -3.4470000e-03   1.9730000e-03   2.7580000e-03
   2.1280000e-02  -5.3110000e-03   6.0660000e-03  -9.0450000e-03   1.2169000e-02   8.3500000e-04  -5.2910000e-03  -4.4000000e-05
   3.3273100e-01   7.6010000e-03  -1.3912000e-02   1.2346000e-02  -2.8170000e-03  -4.5260000e-03   6.6480000e-03  -4.5490000e-03
   2.1688400e-01  -9.3070000e-03   3.2769000e-02   1.2379000e-02   5.2760000e-03   1.8630000e-03  -4.9320000e-03   7.7410000e-03
  -7.9300000e-03  -6.9530000e-03   1.7124200e-01  -6.5150000e-03  -2.3140000e-03   6.4020000e-03   7.8270000e-03  -5.1170000e-03
   9.3670000e-03  -6.0000000e-04   3.5587000e-02  -8.8900000e-03  -9.2800000e-04   9.3100000e-04   3.3660000e-03  -1.5560000e-03
  -2.8750800e-01   7.7960000e-03   4.5357000e-02  -1.3736000e-02  -8.9080000e-03   2.9180000e-03   7.5310000e-03  -3.2070000e-03
  -7.8760000e-03   1.1622000e-02  -1.0513300e-01  -4.2240000e-03  -3.4016000e-02  -2.9190000e-03   2.9365000e-02  -7.6950000e-03
  -1.3459000e-02   8.7000000e-04  -7.7256000e-02  -1.0983000e-02   6.7948000e-02   1.1729000e-02  -6.7211000e-02  -8.0190000e-03
  -2.4334050e+00  -1.1148000e-02   5.9207600e-01   5.2178000e-02  -3.2995000e-02  -1.2630000e-03  -1.3023000e-02  -8.2680000e-03
