-1.263065550638856038e+01 -1.263065376015275376e+01 -8.189164920677765025e+00 -2.818936132261110351e-15 1.486668502711021505e-15 1.294857355546660038e+01 1.294861104956568987e+01 4.151745068276965611e+01
-1.283127204930542042e+01 -1.243310307063951825e+01 -8.181591937570408035e+00 -2.737940406842160890e-01 2.772557791898315749e-01 1.269136899086490899e+01 1.321399883168566269e+01 4.145418610325321396e+01
-1.304406128884090776e+01 -1.222851003835238082e+01 -8.159569953055926916e+00 -5.513002995092626257e-01 5.655178307556044670e-01 1.245769594639381417e+01 1.346995833320017688e+01 4.126454356231622711e+01
-1.326717596904754792e+01 -1.201719475185630692e+01 -8.124203552091117331e+00 -8.316024828265010660e-01 8.643826746740429501e-01 1.224646893180520024e+01 1.371418629229589037e+01 4.095018897710204442e+01
-1.349879629069698161e+01 -1.179948284533464076e+01 -8.076604726960269431e+00 -1.113807178325055380e+00 1.173407489698924167e+00 1.205661414769021533e+01 1.394438630260168566e+01 4.051463286202492498e+01
-1.373718734070082448e+01 -1.157570483317067556e+01 -8.017830365385748337e+00 -1.397047108713452390e+00 1.492107786798462676e+00 1.188707897910758859e+01 1.415827491232108137e+01 3.996310106498509640e+01
-1.398073190480879902e+01 -1.134619402755578399e+01 -7.948846065276004680e+00 -1.680483890039236705e+00 1.819955141302214585e+00 1.173683102185294480e+01 1.435360063703455147e+01 3.930235227760910277e+01
-1.422794425903739679e+01 -1.111128438794997386e+01 -7.870509424113180330e+00 -1.963310308978410079e+00 2.156375020040876223e+00 1.160485619666182622e+01 1.452816644257377554e+01 3.854045384572663124e+01
-1.447747144402729802e+01 -1.087130835007651264e+01 -7.783566338315112354e+00 -2.244752139331847030e+00 2.500744743866144315e+00 1.149015609829648454e+01 1.467985548472732127e+01 3.768652924557368067e+01
-1.472808715402376833e+01 -1.062659469155770431e+01 -7.688655213293061230e+00 -2.524069522772116603e+00 2.852391630018935587e+00 1.139174469167539527e+01 1.480665974527782325e+01 3.675049123565617037e+01
-1.497868185707124589e+01 -1.037746650170283047e+01 -7.586315498277754976e+00 -2.800557942626278773e+00 3.210591362760053968e+00 1.130864443111891937e+01 1.490671105526509344e+01 3.574277421145755085e+01
-1.522825148282599805e+01 -1.012423933444736868e+01 -7.476998242947110462e+00 -3.073548822218607590e+00 3.574566644354684186e+00 1.123988183813624531e+01 1.497831385258541381e+01 3.467407786965669203e+01
-1.547588606943389422e+01 -9.867219636171668640e+00 -7.361077324552595336e+00 -3.342409781111197020e+00 3.943486181756535203e+00 1.118448252383435459e+01 1.501997888986669771e+01 3.355513219967310334e+01
-1.572075912178686075e+01 -9.606703554328674954e+00 -7.238860643640724568e+00 -3.606544583563234596e+00 4.316464066994901039e+00 1.114146557827622175e+01 1.503045699901076482e+01 3.239649136569002508e+01
-1.596211802918081624e+01 -9.342976248826916574e+00 -7.110601004379962120e+00 -3.865392813782082548e+00 4.692559611136612574e+00 1.110983716264427557e+01 1.500877194044981344e+01 3.120836151495203836e+01
-1.619927564985092872e+01 -9.076311846440438202e+00 -6.976506652971614209e+00 -4.118429312165718947e+00 5.070777692568693595e+00 1.108858301834429660e+01 1.495425132736975193e+01 3.000046520063354905e+01
-1.643160303630216390e+01 -8.806974199830616357e+00 -6.836751601427346614e+00 -4.365163405840605471e+00 5.450069680011834450e+00 1.107665943077965665e+01 1.486655462606752209e+01 2.878194313544398142e+01
-1.665852320824632926e+01 -8.535218637969203215e+00 -6.691485954738830344e+00 -4.605137965481899798e+00 5.829334988913106308e+00 1.107298192359725775e+01 1.474569729923267403e+01 2.756129253270195889e+01
-1.687950585224417921e+01 -8.261294924996963829e+00 -6.540846514218054963e+00 -4.837928318758271118e+00 6.207423326468314073e+00 1.107641056187658535e+01 1.459207028217565494e+01 2.634634043676894777e+01
-1.709406282161510759e+01 -7.985451681224258635e+00 -6.384967965612807994e+00 -5.063141048858475379e+00 6.583137675299269631e+00 1.108573012803136848e+01 1.440645416190208472e+01 2.514425026615985814e+01
-1.730174431627491671e+01 -7.707942564646164563e+00 -6.223994987519627209e+00 -5.280412704508261612e+00 6.955238058595657691e+00 1.109962246576112221e+01 1.419002766007094962e+01 2.396156037939514150e+01
-1.750213563367459457e+01 -7.429034565585405758e+00 -6.058095638646172176e+00 -5.489408445742896880e+00 7.322446120207790621e+00 1.111662673700923420e+01 1.394437029322070032e+01 2.280425498487748825e+01
-1.769485439541234939e+01 -7.149018832143545943e+00 -5.887476402765220662e+00 -5.689820647521141694e+00 7.683450541683737534e+00 1.113508082435114055e+01 1.367145938244032344e+01 2.167787045412771363e+01
-1.787954816749345710e+01 -6.868224520291367874e+00 -5.881367481099620598e+00 -5.712399285305775898e+00 8.036913304594047958e+00 1.115303301987857765e+01 1.337366189056157673e+01 2.058764460212197633e+01
-1.805589240469810619e+01 -6.587036247707463765e+00 -6.063791490972788800e+00 -5.533201358869842323e+00 8.381476790776549279e+00 1.116810654781194501e+01 1.305372185404311125e+01 1.953872362193678214e+01
-1.822358866071736117e+01 -6.305915818571688369e+00 -6.236858183155126412e+00 -5.350317134450562229e+00 8.715771695556433940e+00 1.117728929928592585e+01 1.271474442016010364e+01 1.853645211262734094e+01
-1.838236301556688090e+01 -6.400354638662205886e+00 -6.025428963105145641e+00 -5.164304070772521627e+00 9.038425709853402878e+00 1.117660746232725444e+01 1.236017766297036857e+01 1.758678591283520731e+01
-1.853196468037191735e+01 -6.554088164254181947e+00 -5.746277872312906432e+00 -4.975871394672905623e+00 9.348072906786235592e+00 1.116063121545251313e+01 1.199379339054000404e+01 1.669687848106007166e+01
-1.867216474708470386e+01 -6.697884990850679898e+00 -5.469340253023305287e+00 -4.785912143812956820e+00 9.643363747445473422e+00 1.112178614714058611e+01 1.161966801612049416e+01 1.587586644711019268e+01
-1.880275505721077778e+01 -6.831589028515521633e+00 -5.195715390760974550e+00 -4.595537892132402824e+00 9.922975599540514224e+00 1.104961801988179282e+01 1.124216417749176777e+01 1.513570614186801855e+01
-1.892354716933580860e+01 -6.955060685547059585e+00 -4.926777140537022426e+00 -4.406114888824629539e+00 1.018562364234577622e+01 1.086591303319378810e+01 1.093074493848486917e+01 1.449132625037700173e+01
-1.903437141028038582e+01 -7.068175757992609221e+00 -4.664232641450782424e+00 -4.219299226606888276e+00 1.043007201253080041e+01 1.049579616868153842e+01 1.075136999977026342e+01 1.395822168031096489e+01
-1.913507599915554280e+01 -7.170824394829995896e+00 -4.410183552048096978e+00 -4.037067054053666837e+00 1.013692384286407666e+01 1.050427040354389518e+01 1.065514502886194670e+01 1.354556954614911213e+01
-1.922552623750314282e+01 -7.262910143119580830e+00 -4.167183348557163214e+00 -3.861733722568599259e+00 9.794604934057010936e+00 1.019704890175314205e+01 1.085973832019990581e+01 1.324807429075147169e+01
-1.930560376210025453e+01 -7.344349076617806560e+00 -3.938279404957939267e+00 -3.695953249716269706e+00 9.474300308222725064e+00 9.852435180240449952e+00 1.104282967143618421e+01 1.304574351543675625e+01
-1.937520585988689703e+01 -7.415069010649075310e+00 -3.727022276554192715e+00 -3.542687078257297895e+00 9.181549459629408716e+00 9.499190419275972630e+00 1.120348939667464094e+01 1.291302353006621040e+01
-1.943424484681731812e+01 -7.475008805446814897e+00 -3.537417982882139267e+00 -3.405129862223758686e+00 8.921858570395627908e+00 9.163326882090821357e+00 1.134089004860207339e+01 1.282755875496823172e+01
-1.948264751421155694e+01 -7.524117759685630347e+00 -3.373795207463651913e+00 -3.286581608299934842e+00 8.700539660281743082e+00 8.865020283084527719e+00 1.145431527796440463e+01 1.277316928149405939e+01
-1.952035464737062398e+01 -7.562355095523327186e+00 -3.240563713618119124e+00 -3.190261948176241091e+00 8.522496816858614821e+00 8.619077860795936630e+00 1.154316766753154688e+01 1.273916012126584896e+01
-1.954732062180619323e+01 -7.589689536143408688e+00 -3.141859521938511257e+00 -3.119074856178034594e+00 8.391967936608704548e+00 8.436136585014741840e+00 1.160697538082726510e+01 1.271878341241931842e+01
-1.956351308243747766e+01 -7.606098976522535970e+00 -3.081109291407638562e+00 -3.075349436652079493e+00 8.312247630014134359e+00 8.323492388855621371e+00 1.164539748691213461e+01 1.270798528860187560e+01
-1.956891271056689519e+01 -7.611570247933877376e+00 -3.060602641079907649e+00 -3.060588731730630840e+00 8.285418345291105879e+00 8.285480635262700844e+00 1.165822784810125867e+01 1.270461095107162386e+01
-1.956891271056689519e+01 -7.611570247933877376e+00 -3.060602641079907649e+00 -3.060588731730630840e+00 8.285418345291105879e+00 8.285480635262700844e+00 1.165822784810125867e+01 1.270461095107162386e+01
-1.956335551642622761e+01 -7.605939315885870577e+00 -3.081712261116780649e+00 -3.075772322319203500e+00 8.312949845126908599e+00 8.324677214952540538e+00 1.164502322321462557e+01 1.270808529213383054e+01
-1.954669074228619152e+01 -7.589051166440670571e+00 -3.144347072527254205e+00 -3.120612262564790296e+00 8.394022138296726609e+00 8.441513458305209383e+00 1.160548243847936334e+01 1.271921228585529562e+01
-1.951893888825255630e+01 -7.560919873279688730e+00 -3.246390780211019234e+00 -3.193208438746582445e+00 8.524109833453975327e+00 8.633820567202192819e+00 1.153982408808161964e+01 1.274016734626253466e+01
-1.948013437302057227e+01 -7.521569341559537492e+00 -3.384657343088637305e+00 -3.290653973361950868e+00 8.695785359956193616e+00 8.898261734413727808e+00 1.144841026364772674e+01 1.277477866381298099e+01
-1.943032591525757269e+01 -7.471033994724372462e+00 -3.555258557242213513e+00 -3.409390459330295275e+00 8.898843457288595715e+00 9.230665593842694250e+00 1.133174327565997785e+01 1.282878327696316845e+01
-1.936957707530685724e+01 -7.409359763331408111e+00 -3.753993614652839650e+00 -3.545558853889565931e+00 9.120485330990954154e+00 9.626366260454490842e+00 1.119046120108408182e+01 1.291003136580018840e+01
-1.929796696631525776e+01 -7.336605404927483143e+00 -3.976678159566147119e+00 -3.695298800055200950e+00 9.345777179728035122e+00 1.008048900220462230e+01 1.102533239211997262e+01 1.302835568578437808e+01
-1.921559114847704564e+01 -7.252844194960121449e+00 -4.219379887719010291e+00 -3.854966191403595754e+00 9.558797855571075530e+00 1.058815161458306520e+01 1.083724911602530661e+01 1.319465866564149970e+01
-1.912256272633203835e+01 -7.158166041911652400e+00 -4.478558808724709905e+00 -4.021266289252475978e+00 9.744806835432685332e+00 1.062722052905898984e+01 1.114457914582675002e+01 1.341888439851338077e+01
-1.901901367755032624e+01 -7.052680096147414979e+00 -4.751128558791090306e+00 -4.191316239388855891e+00 9.893022882810676322e+00 1.039636521908041011e+01 1.174514625790421540e+01 1.370730186272145623e+01
-1.890509645317053966e+01 -6.936517942446839058e+00 -5.034461282489949063e+00 -4.362656706560921194e+00 9.998592981566101656e+00 1.014590358200704046e+01 1.238536749420836003e+01 1.406054267433792404e+01
-1.878098590492993125e+01 -6.809837492252981406e+00 -5.326357108566425858e+00 -4.533231345479890706e+00 9.877150328514643363e+00 1.006246362110633896e+01 1.306085485574508809e+01 1.447370271443985601e+01
-1.864688161669045741e+01 -6.672827725183789305e+00 -5.624994526065221656e+00 -4.701348809830033559e+00 9.591507451042973642e+00 1.008944969991706664e+01 1.376725821445400832e+01 1.493822909528811493e+01
-1.850301074627465425e+01 -6.525714472736076743e+00 -5.928872822269076082e+00 -4.865637488171811853e+00 9.290458020104013670e+00 1.008594436490179547e+01 1.450019973382340233e+01 1.544416075880066685e+01
-1.834963152456843005e+01 -6.368767493570256732e+00 -6.236753445013785147e+00 -5.024999337755551743e+00 8.975561226742968302e+00 1.005832766616108565e+01 1.525520980718305530e+01 1.598167216312089955e+01
-1.818703761538601782e+01 -6.547604013986666693e+00 -6.202309163410856030e+00 -5.178566393781192545e+00 8.648449149499747080e+00 1.001222743780643754e+01 1.602766938380589679e+01 1.654177087090996778e+01
-1.801556361955640284e+01 -6.860546596306724254e+00 -6.026725198646289527e+00 -5.325661677140214323e+00 8.310825805256753185e+00 9.952337651386825357e+00 1.681276183505729804e+01 1.711644594439791689e+01
-1.783559212082916900e+01 -7.174810508925254737e+00 -5.842477957484782713e+00 -5.465765086490469216e+00 7.964469150999196501e+00 9.882492287638045880e+00 1.760543648089833368e+01 1.769856995768170194e+01
-1.764756283587894004e+01 -7.489689044364184589e+00 -5.650123023127142652e+00 -5.598484217112435601e+00 7.611236845608797985e+00 9.805816694559924329e+00 1.828173274309974161e+01 1.840038531016321599e+01
-1.745198467071739756e+01 -7.804498914730672254e+00 -5.723529721629702749e+00 -5.450329976556995248e+00 7.253076764790534980e+00 9.724878131878893939e+00 1.886008481248311242e+01 1.919203408915583964e+01
-1.724945183885807864e+01 -8.118540696593790074e+00 -5.840694690671971223e+00 -5.243908515499920320e+00 6.892043492047085884e+00 9.641810112524627385e+00 1.942821523080134227e+01 1.997454881668220850e+01
-1.704066571950408360e+01 -8.431057990172986294e+00 -5.949837502362907316e+00 -5.031841363859512306e+00 6.530322277863460201e+00 9.558407478871554730e+00 1.998106624414141663e+01 2.074185824849140047e+01
-1.682646491148934942e+01 -8.741192241140190333e+00 -6.050867616757307665e+00 -4.815325710768217249e+00 6.170262236728530247e+00 9.476196613126457891e+00 2.051387940634970519e+01 2.148769291400380865e+01
-1.660786709211461698e+01 -9.047929059046438738e+00 -6.143733844531860555e+00 -4.595825134985274119e+00 5.814420752413674620e+00 9.396486573532861541e+00 2.102216648466312776e+01 2.220564064444622332e+01
-1.638612797945524946e+01 -9.350030225548394469e+00 -6.228414681101512862e+00 -4.375133915249788785e+00 5.465620992885830809e+00 9.320406273521239626e+00 2.150169903852645348e+01 2.288921810834827753e+01
-1.616282508989658950e+01 -9.645943241850456928e+00 -6.304910358720971608e+00 -4.155454902437968556e+00 5.127023699660746558e+00 9.248931674812864046e+00 2.194851165822812789e+01 2.353195721269120000e+01
-1.593997711468376366e+01 -9.933677179307160543e+00 -6.373236325623544474e+00 -3.939489981607553482e+00 4.802212259059114530e+00 9.182905898338766804e+00 2.235891487164526481e+01 2.412750450012065784e+01
-1.572021305544017800e+01 -1.021063032368518542e+01 -6.433417911123922472e+00 -3.730537288003007212e+00 4.495285191522773616e+00 9.123054309756316371e+00 2.272951454114574688e+01 2.466973089682245046e+01
-1.550700632871652473e+01 -1.047335407270464458e+01 -6.485485978592650191e+00 -3.532579858915264825e+00 4.210940707927495197e+00 9.069996007672095573e+00 2.305723518525981319e+01 2.515284839969379149e+01
-1.530498040957822603e+01 -1.071724622313343467e+01 -6.529473404750663512e+00 -3.350334317667014616e+00 3.954521893330427140e+00 9.024252691381839497e+00 2.333934511714036120e+01 2.557152960431067257e+01
-1.512025553900338792e+01 -1.093620386386867693e+01 -6.565412254603826270e+00 -3.189205603981499326e+00 3.731968495728909208e+00 8.986255566963182062e+00 2.357348164234362287e+01 2.592102544072693249e+01
-1.496070470597843638e+01 -1.112236743939374506e+01 -6.593331547405556492e+00 -3.055072029392734478e+00 3.549599562807337794e+00 8.956350729324793036e+00 2.375767484155177200e+01 2.619727617285393606e+01
-1.483578857479074387e+01 -1.126628612221092318e+01 -6.613255531154695888e+00 -2.953825643493917852e+00 3.413651879428215352e+00 8.934803305582395438e+00 2.389036870853034245e+01 2.639701068708048837e+01
-1.475543137949036954e+01 -1.135804231534156905e+01 -6.625202402092047471e+00 -2.890650897293600252e+00 3.329557163148439081e+00 8.921800541575102272e+00 2.397043863964039190e+01 2.651782938345802876e+01
-1.472760701761411717e+01 -1.138966593016625239e+01 -6.629183422162602923e+00 -2.869158878504672661e+00 3.301075268817203145e+00 8.917453943689826801e+00 2.399720449099641684e+01 2.655826659608740670e+01
-1.472760701761411717e+01 -1.138966593016625239e+01 -6.629183422162602923e+00 -2.869158878504672661e+00 3.301075268817203145e+00 8.917453943689826801e+00 2.399720449099641684e+01 2.655826659608740670e+01
-1.472210248176743086e+01 -1.139005386271621134e+01 -6.638829322398289712e+00 -2.861807873406752911e+00 3.291348224111653398e+00 8.931584734762878952e+00 2.367807265823185503e+01 2.690868029034393771e+01
-1.470559622500575436e+01 -1.139129750125914597e+01 -6.667543710323503348e+00 -2.839759203072211857e+00 3.262217773892083450e+00 8.973807444890733009e+00 2.299380986609185129e+01 2.768601855061516659e+01
-1.467811036109764444e+01 -1.139363855205239773e+01 -6.714661515459574126e+00 -2.803025978893328052e+00 3.213835420068413828e+00 9.043619721093143937e+00 2.220925879167266004e+01 2.862313455063710421e+01
-1.463968194742711404e+01 -1.139748702238347811e+01 -6.779089807964417069e+00 -2.751630308302583927e+00 3.146451844546799492e+00 9.140205618656032982e+00 2.141156062476457222e+01 2.962906820089672877e+01
-1.459036327397951283e+01 -1.140343150277310080e+01 -6.859328838454468169e+00 -2.685603677651609900e+00 3.060414216585814362e+00 9.262464895635449835e+00 2.062972191278686651e+01 3.066951366069405793e+01
-1.453022224326562117e+01 -1.141225241141210667e+01 -6.953497782975694541e+00 -2.604987488626513858e+00 2.956162500311225294e+00 9.409049232029953913e+00 1.987541853017004456e+01 3.172606793417941518e+01
-1.445934281805661570e+01 -1.142493650538460770e+01 -7.059363139467807358e+00 -2.509833748497341865e+00 2.834224836573063122e+00 9.578401694303021685e+00 1.915400527733012126e+01 3.278529603667670500e+01
-1.437782550923404834e+01 -1.144268967089113964e+01 -7.174369174255172510e+00 -2.400205914459157874e+00 2.695212090354502266e+00 9.768795947766435006e+00 1.846804349913161758e+01 3.383530479048398831e+01
-1.428578787278295081e+01 -1.146694313525357423e+01 -7.295672296562369930e+00 -2.276179892186591669e+00 2.539811669113198001e+00 9.978372352717979510e+00 1.781865599237990949e+01 3.486452037553562633e+01
-1.418336498303651894e+01 -1.149934589422259457e+01 -7.420184446164836523e+00 -2.137845188469128743e+00 2.368780728398915070e+00 1.020516896290973641e+01 1.720613380248360613e+01 3.586124876843109632e+01
-1.407070984869224439e+01 -1.154173385741395030e+01 -7.544633776284173088e+00 -1.985306217398052464e+00 2.182938888633412233e+00 1.044714637752888464e+01 1.663024568581041507e+01 3.681357069632495893e+01
-1.394799373875814474e+01 -1.159606525851262582e+01 -7.665652674623685492e+00 -1.818683759012189372e+00 1.983160590988806149e+00 1.070220623005297966e+01 1.609041430479760848e+01 3.770940743286065810e+01
-1.381540638730240467e+01 -1.166431434107427734e+01 -7.779901320525040909e+00 -1.638116568553933394e+00 1.770367220926377216e+00 1.096820374509548124e+01 1.558582609138213648e+01 3.853668827315726730e+01
-1.367315604848470301e+01 -1.174832341187508788e+01 -7.884227305912804518e+00 -1.443763133513174424e+00 1.545519125351996870e+00 1.124295523389676710e+01 1.511550481145233427e+01 3.928358434838110469e+01
-1.352146937665750492e+01 -1.184962742504726663e+01 -7.975847997723432670e+00 -1.235803574418667283e+00 1.309607643807066957e+00 1.152424164849126598e+01 1.467836346436817330e+01 3.993878555270603670e+01
-1.336059111016809986e+01 -1.196928138608930148e+01 -8.052526266217878259e+00 -1.014441683848685161e+00 1.063647266031202188e+00 1.180980941326525446e+01 1.427324220359652251e+01 4.049180114539532838e+01
-1.319078354173404577e+01 -1.210773045262069658e+01 -8.112700585814970111e+00 -7.799070963504404208e-01 8.086680180513485805e-01 1.209736974522909314e+01 1.389893661199803887e+01 4.093326530341798275e+01
-1.301232576281242714e+01 -1.226475705157387353e+01 -8.155535981361413889e+00 -5.324575798581810959e-01 5.457081671542223233e-01 1.238459760050150216e+01 1.355421894807393812e+01 4.125522889098922263e+01
-1.282551267419590957e+01 -1.243951779279091596e+01 -8.180883713087270692e+00 -2.723814367632290678e-01 2.758073231782117718e-01 1.266913127434796493e+01 1.323785404959528655e+01 4.145141916782943525e+01
-1.263065550638856038e+01 -1.263065376015275376e+01 -8.189164920677765025e+00 -2.818936132261110351e-15 1.486668502711021505e-15 1.294857355546660038e+01 1.294861104956568987e+01 4.151745068276965611e+01
