-2.277257204055786133e+00	1.662084460258483887e-01	2.694371938705444336e-01	1.244042739272117615e-01	-8.394218236207962036e-02
-5.958606302738189697e-02	-3.328785598278045654e-01	2.372752875089645386e-02	-1.208491250872612000e-01	-2.003703266382217407e-01
-1.239496693015098572e-01	-1.074717268347740173e-01	9.340266883373260498e-02	-1.125507429242134094e-01	1.532422155141830444e-01
-2.411040812730789185e-01	3.407600149512290955e-02	-3.774083405733108521e-02	4.243934236001223326e-04	3.406672179698944092e-02
-8.180291950702667236e-02	9.551545977592468262e-02	-1.614044308662414551e-01	4.786196723580360413e-02	-1.292251646518707275e-01
-2.607413530349731445e-01	-1.384729053825139999e-02	2.486101910471916199e-02	-1.247972473502159119e-01	1.754033118486404419e-01
1.664204299449920654e-01	2.672865800559520721e-02	5.348748713731765747e-02	6.854692846536636353e-02	-1.139932796359062195e-01
3.780646622180938721e-02	3.257759287953376770e-02	8.196277916431427002e-02	-1.159519851207733154e-01	3.602296859025955200e-02
1.267700046300888062e-01	-1.909344340674579144e-03	-1.098395362496376038e-01	1.412857323884963989e-01	-1.336349844932556152e-01
-1.015832066535949707e+00	-1.719824522733688354e-01	-1.220872923731803894e-01	-1.912694573402404785e-01	4.769458994269371033e-02
8.341341465711593628e-02	6.715974956750869751e-02	1.956343799829483032e-01	-2.113851010799407959e-01	9.335191547870635986e-02
-2.796066701412200928e-01	-1.590213328599929810e-01	1.290172636508941650e-01	-8.418307453393936157e-02	-4.645358771085739136e-02
2.893942594528198242e-01	1.390960067510604858e-01	-1.651397943496704102e-01	-1.030647084116935730e-01	-2.336495369672775269e-01
-5.198066830635070801e-01	-4.384537413716316223e-02	-7.684097439050674438e-02	1.867932616733014584e-03	1.960731809958815575e-03
-6.320409476757049561e-02	1.486716885119676590e-02	-3.809946775436401367e-02	5.035101622343063354e-02	-9.892221540212631226e-02
7.041032612323760986e-02	9.681190550327301025e-02	-7.652940228581428528e-03	9.058079123497009277e-02	1.579065993428230286e-02
1.576773971319198608e-01	-9.822971187531948090e-03	-1.517838239669799805e-01	-1.729282587766647339e-01	-1.345200687646865845e-01
4.643250256776809692e-02	7.965223491191864014e-02	6.115193963050842285e-01	-7.495179772377014160e-02	1.842320114374160767e-01
-5.958606302738189697e-02	-2.993986941874027252e-02	1.813742890954017639e-02	9.115175902843475342e-02	1.973639130592346191e-01
-1.261706233024597168e+00	-2.391960471868515015e-01	-5.038216710090637207e-02	-3.025851845741271973e-01	1.003738790750503540e-01
2.232683002948760986e-01	2.466380223631858826e-02	7.614740729331970215e-02	-6.026867404580116272e-02	-1.072809472680091858e-01
1.210958138108253479e-01	2.296988070011138916e-01	-8.208024664781987667e-04	9.336545318365097046e-02	1.166554838418960571e-01
-4.916656017303466797e-01	-2.141287773847579956e-01	5.018637776374816895e-01	1.397186368703842163e-01	1.798318466171622276e-03
-8.702629208564758301e-01	-2.060830742120742798e-01	6.051463261246681213e-02	-6.937384605407714844e-02	4.207734763622283936e-02
1.061479210853576660e+00	-2.080525755882263184e-01	-5.788930132985115051e-02	2.793494462966918945e-01	4.210682213306427002e-02
-2.315836548805236816e-01	-2.610550820827484131e-01	1.426316946744918823e-01	-5.863125436007976532e-03	-1.570755392313003540e-01
-1.038044467568397522e-01	-8.168877661228179932e-02	-2.391552785411477089e-03	3.181904554367065430e-02	-1.508107502013444901e-02
6.328757405281066895e-01	-2.289475947618484497e-01	9.562270343303680420e-02	-1.032826006412506104e-01	-1.324558258056640625e-02
-1.337261795997619629e-01	-3.619757294654846191e-02	6.737350672483444214e-02	1.453975737094879150e-01	6.144310534000396729e-02
-3.589519858360290527e-01	2.132168412208557129e-01	8.980223210528492928e-04	-4.813391566276550293e-01	-7.519631087779998779e-02
1.359198242425918579e-01	-2.116245031356811523e-01	3.077964065596461296e-04	-1.689668744802474976e-01	6.913091987371444702e-02
1.335309445858001709e-02	5.000282078981399536e-02	-4.247516393661499023e-02	-5.144492909312248230e-02	-6.093183532357215881e-02
-1.906732767820358276e-01	1.394586712121963501e-01	-2.961098507512360811e-04	3.339142724871635437e-02	-1.868257671594619751e-02
-2.132264375686645508e-01	-9.649944901466369629e-01	-1.758048534393310547e-01	4.625245183706283569e-02	-1.625305414199829102e-01
4.235518872737884521e-01	-1.786308586597442627e-01	6.258588284254074097e-02	-1.915617883205413818e-01	-1.060544401407241821e-01
-1.457713097333908081e-01	1.576414108276367188e-01	-4.513321444392204285e-03	2.297533489763736725e-02	-1.105413883924484253e-01
-1.239496693015098572e-01	4.416925832629203796e-02	1.969681978225708008e-01	3.407717943191528320e-01	7.667366415262222290e-02
2.232683002948760986e-01	-9.476243257522583008e-01	-3.198560699820518494e-02	-2.245313525199890137e-01	-8.251408487558364868e-02
-2.062592506408691406e+00	-1.528517901897430420e-01	1.679072827100753784e-01	-3.565643131732940674e-01	1.462950464338064194e-02
3.266041874885559082e-01	1.287783384323120117e-01	3.252205550670623779e-01	-8.806712180376052856e-02	2.401491254568099976e-01
-2.317703217267990112e-01	-3.726552799344062805e-02	2.515996992588043213e-01	2.675168514251708984e-01	-1.952221393585205078e-01
1.801542788743972778e-01	-4.259991273283958435e-02	-1.996739394962787628e-02	5.886918306350708008e-02	-1.997771263122558594e-01
-1.856876313686370850e-01	-2.873123884201049805e-01	-4.713486880064010620e-02	2.190838456153869629e-01	-5.337220802903175354e-02
-1.793154329061508179e-02	-1.230334118008613586e-02	1.873699426651000977e-01	-1.457826197147369385e-01	-1.839862167835235596e-01
-4.316206276416778564e-01	7.978681474924087524e-02	1.795156747102737427e-01	7.787287235260009766e-02	-1.377596855163574219e-01
1.488435417413711548e-01	-1.799388676881790161e-01	-1.388989388942718506e-01	-3.117441534996032715e-01	-6.933032721281051636e-02
-6.495121121406555176e-02	-4.038169980049133301e-03	-4.382669180631637573e-02	-6.853615492582321167e-02	2.285952568054199219e-01
3.525625467300415039e-01	1.598895788192749023e-01	7.830115407705307007e-02	-3.652816414833068848e-01	-9.257021546363830566e-02
7.662145793437957764e-02	-1.822015345096588135e-01	2.910783886909484863e-01	-7.629065215587615967e-02	1.117814034223556519e-01
-2.263302728533744812e-02	-3.757289350032806396e-01	1.904560327529907227e-01	-2.253157645463943481e-01	-9.748458862304687500e-02
-5.341038107872009277e-02	1.393050998449325562e-01	6.413793563842773438e-02	1.964440941810607910e-01	-2.641023136675357819e-02
2.616491615772247314e-01	-2.422562390565872192e-01	-8.927270025014877319e-02	-3.464728966355323792e-02	1.116549521684646606e-01
-5.192781686782836914e-01	-1.000493615865707397e-01	2.993511222302913666e-02	-5.185507982969284058e-02	7.625821977853775024e-02
7.432343810796737671e-02	1.575502008199691772e-01	6.052311509847640991e-02	-2.516157925128936768e-03	2.755482494831085205e-01
-2.411040812730789185e-01	1.257104724645614624e-01	2.864403426647186279e-01	1.956061869859695435e-01	5.693522095680236816e-02
1.210958138108253479e-01	-1.395566165447235107e-01	-2.181884497404098511e-01	-1.658117026090621948e-01	4.295120537281036377e-01
3.266041874885559082e-01	-6.123158615082502365e-03	-1.129804030060768127e-01	-1.527176499366760254e-01	-3.663804233074188232e-01
-6.784940361976623535e-01	-1.368598490953445435e-01	1.528408825397491455e-01	7.408255338668823242e-02	3.445568978786468506e-01
-8.212431520223617554e-02	-3.398895636200904846e-02	7.818128913640975952e-02	3.961460664868354797e-02	-3.496286571025848389e-01
2.234106659889221191e-01	4.890824109315872192e-02	-1.680048368871212006e-02	-2.424570024013519287e-01	-2.138153910636901855e-01
-2.409710139036178589e-01	7.802484929561614990e-02	9.083615988492965698e-02	8.829814381897449493e-03	-2.942726761102676392e-02
-4.178973734378814697e-01	-9.673426300287246704e-02	1.069816574454307556e-01	-1.494845282286405563e-02	-1.289726942777633667e-01
-1.058430820703506470e-01	-1.697244197130203247e-01	1.199901774525642395e-01	1.832757741212844849e-01	-6.499016284942626953e-02
2.113683074712753296e-01	-9.338730573654174805e-02	-3.003280162811279297e-01	-2.128365039825439453e-01	2.910959422588348389e-01
1.904660016298294067e-01	-1.826043725013732910e-01	-3.230526149272918701e-01	8.095195516943931580e-03	2.700119316577911377e-01
-5.136680230498313904e-02	-1.977205574512481689e-01	-2.161295898258686066e-02	7.882700860500335693e-02	-1.229315996170043945e-01
3.412100970745086670e-01	-1.752235442399978638e-01	-1.319395601749420166e-01	2.488610334694385529e-02	3.840357959270477295e-01
6.352592110633850098e-01	-7.100642919540405273e-01	-8.461868762969970703e-02	2.123368829488754272e-01	-2.781296707689762115e-02
-2.467188984155654907e-01	-5.948294401168823242e-01	8.239436149597167969e-02	2.809419631958007812e-01	-1.659581959247589111e-01
5.755694583058357239e-02	7.619846612215042114e-02	1.618325114250183105e-01	1.173687130212783813e-01	-9.006434679031372070e-02
-1.433890908956527710e-01	4.909364134073257446e-02	9.983442723751068115e-02	9.843019396066665649e-02	1.429672092199325562e-01
2.678646147251129150e-02	-1.949918717145919800e-01	-1.569098532199859619e-01	1.598911285400390625e-01	1.185464859008789062e-01
-8.180291950702667236e-02	1.231083869934082031e-01	-1.498807407915592194e-02	-9.426081553101539612e-03	-1.155307814478874207e-01
-4.916656017303466797e-01	-1.039310693740844727e-01	8.238935470581054688e-02	1.057719141244888306e-01	1.703336983919143677e-01
-2.317703217267990112e-01	-9.542527794837951660e-02	1.003859043121337891e-01	1.495329439640045166e-01	-9.960451722145080566e-02
-8.212431520223617554e-02	-8.100235462188720703e-02	-1.807022392749786377e-01	-6.895887106657028198e-02	-8.962197229266166687e-03
-2.157348632812500000e+00	2.130432575941085815e-01	-9.188297390937805176e-02	-2.828122302889823914e-02	-1.876539289951324463e-01
9.089124202728271484e-01	8.864592015743255615e-02	2.638367004692554474e-02	-1.385781317949295044e-01	-2.106743454933166504e-01
3.070552945137023926e-01	2.752668857574462891e-01	1.239155754446983337e-01	-3.094477057456970215e-01	-1.842567622661590576e-01
1.958629190921783447e-01	7.260697335004806519e-02	-7.051712274551391602e-02	-5.674933642148971558e-02	-1.746711134910583496e-02
6.444039940834045410e-01	1.022723615169525146e-01	-5.816170945763587952e-03	1.009437814354896545e-01	1.305760741233825684e-01
-2.863479554653167725e-01	-4.877272248268127441e-02	3.038525581359863281e-01	1.232752129435539246e-01	-9.669452160596847534e-02
-4.139944911003112793e-02	3.384644165635108948e-02	-9.173089265823364258e-02	-5.414881557226181030e-02	-9.347692131996154785e-02
-5.302872061729431152e-01	-5.857954174280166626e-02	-6.037556380033493042e-02	1.278303116559982300e-01	9.568777680397033691e-02
-1.206221655011177063e-01	-8.816719800233840942e-02	2.206484079360961914e-01	1.629992574453353882e-01	2.814397588372230530e-02
8.331015706062316895e-02	-8.772280067205429077e-02	-1.433440893888473511e-01	-8.116851001977920532e-02	-1.100773438811302185e-01
-1.365209966897964478e-01	-6.425736006349325180e-03	-1.323240846395492554e-01	-4.496799781918525696e-02	6.026288494467735291e-02
-5.864791944622993469e-02	8.955583721399307251e-02	4.496193025261163712e-03	3.240355476737022400e-02	-8.438644558191299438e-02
1.567618176341056824e-02	-1.321237999945878983e-03	2.552617900073528290e-02	-3.309728577733039856e-02	1.858830302953720093e-01
-9.738787263631820679e-02	-2.987524494528770447e-04	9.191997349262237549e-02	1.135830432176589966e-01	-9.338193386793136597e-02
-2.607413530349731445e-01	-3.952451422810554504e-02	-4.448156058788299561e-02	4.255893081426620483e-02	-2.473276704549789429e-01
-8.702629208564758301e-01	-2.072747051715850830e-01	8.395585417747497559e-02	9.905490279197692871e-02	-3.840114176273345947e-02
1.801542788743972778e-01	1.311335563659667969e-01	3.692607209086418152e-02	-2.961598220281302929e-04	-1.009878963232040405e-01
2.234106659889221191e-01	3.374003618955612183e-02	-4.542798176407814026e-02	9.095107205212116241e-03	4.899594560265541077e-02
9.089124202728271484e-01	6.480905413627624512e-02	1.933327130973339081e-02	-5.516512691974639893e-02	3.678446710109710693e-01
-1.465423226356506348e+00	3.483233749866485596e-01	1.296518743038177490e-01	-1.221625600010156631e-02	6.189796701073646545e-02
1.540325134992599487e-01	-3.288778290152549744e-02	5.492303147912025452e-02	-1.751249432563781738e-01	-3.788499534130096436e-01
3.439016938209533691e-01	-5.643701180815696716e-02	-9.908778220415115356e-02	1.333116739988327026e-02	-1.090324819087982178e-01
-7.420722842216491699e-01	-2.398952469229698181e-02	3.011439442634582520e-01	-7.585978507995605469e-02	-1.317203789949417114e-01
1.475232243537902832e+00	9.313619136810302734e-02	-2.318040095269680023e-02	1.440964788198471069e-01	-4.558571428060531616e-02
9.088232368230819702e-02	-8.530727028846740723e-02	-1.650150716304779053e-01	-3.567191958427429199e-02	7.948157191276550293e-02
-1.105804368853569031e-01	-2.457993663847446442e-02	-6.322500854730606079e-02	4.043304547667503357e-02	-1.533120423555374146e-01
4.948484711349010468e-03	1.151001676917076111e-01	2.239296287298202515e-01	1.484791487455368042e-01	-6.627798825502395630e-02
-1.016654167324304581e-02	-9.609652757644653320e-01	-5.399543046951293945e-02	9.603925794363021851e-02	1.717847771942615509e-02
-3.200826942920684814e-01	-4.961800295859575272e-03	-2.410372346639633179e-01	1.712384670972824097e-01	-1.020839810371398926e-01
-6.041049361228942871e-01	9.898243844509124756e-02	-2.008092403411865234e-02	2.668570280075073242e-01	1.941641867160797119e-01
3.699240088462829590e-02	2.780664265155792236e-01	2.893277406692504883e-01	6.612606346607208252e-03	-1.161281019449234009e-02
-8.887446671724319458e-02	-3.404884636402130127e-01	-1.370177417993545532e-01	-1.122922599315643311e-01	-5.714593827724456787e-02
1.664204299449920654e-01	-2.945620752871036530e-02	4.343783110380172729e-02	-3.060861490666866302e-02	1.048159971833229065e-01
1.061479210853576660e+00	-1.051722988486289978e-01	1.282820701599121094e-01	-1.756062358617782593e-01	1.068429425358772278e-01
-1.856876313686370850e-01	1.548645496368408203e-01	6.281051039695739746e-02	-5.449385941028594971e-02	-1.925372779369354248e-01
-2.409710139036178589e-01	4.253652319312095642e-02	-4.337714612483978271e-02	-7.165002898545935750e-05	-2.079950273036956787e-01
3.070552945137023926e-01	-6.736581027507781982e-02	4.691903665661811829e-02	-6.501046568155288696e-02	2.445183694362640381e-03
1.540325134992599487e-01	-8.532861620187759399e-02	2.881456911563873291e-02	6.651954352855682373e-02	1.046166792511940002e-01
-2.166804552078247070e+00	-2.688579261302947998e-01	6.159816682338714600e-02	5.688431113958358765e-02	-3.475097566843032837e-02
-3.334206342697143555e-01	4.660882055759429932e-02	2.481632679700851440e-02	1.482216417789459229e-01	-9.303810447454452515e-02
-2.407946996390819550e-02	7.147620618343353271e-02	1.072482299059629440e-02	8.652102202177047729e-02	1.301895231008529663e-01
-7.020610570907592773e-02	1.595161259174346924e-01	2.270295768976211548e-01	-2.796056307852268219e-02	1.268860995769500732e-01
-7.473127543926239014e-02	8.039546757936477661e-02	5.021299049258232117e-02	2.259827451780438423e-03	-5.511866137385368347e-02
-1.902192234992980957e+00	3.552015423774719238e-01	-1.236635893583297729e-01	-2.437217384576797485e-01	2.216310650110244751e-01
-2.694307565689086914e-01	7.289950549602508545e-02	6.738824397325515747e-02	-3.515879064798355103e-02	1.577032916247844696e-02
-3.232267126441001892e-02	-1.081050485372543335e-01	-6.680218502879142761e-04	-2.022995240986347198e-02	-2.643825020641088486e-03
5.418929271399974823e-03	-9.745845198631286621e-02	-1.579605937004089355e-01	-1.468451768159866333e-01	-2.069373987615108490e-02
-2.648714780807495117e-01	8.347478508949279785e-02	8.641887456178665161e-03	1.642327457666397095e-01	-1.336313933134078979e-01
1.741589307785034180e-01	8.711691200733184814e-02	1.492120027542114258e-01	5.888695269823074341e-02	1.244695708155632019e-01
-2.453446239233016968e-01	-9.662079811096191406e-02	6.629703193902969360e-02	6.376322358846664429e-02	-6.129802763462066650e-02
3.780646622180938721e-02	-7.504972070455551147e-02	7.067504525184631348e-02	1.187804862856864929e-01	-1.074132621288299561e-01
-2.315836548805236816e-01	-3.570604026317596436e-01	2.578896284103393555e-01	-4.174920320510864258e-01	-1.404414791613817215e-02
-1.793154329061508179e-02	7.672624289989471436e-02	2.219674885272979736e-01	-5.774080380797386169e-02	1.677709966897964478e-01
-4.178973734378814697e-01	2.224720418453216553e-01	-2.441990077495574951e-01	-3.711056336760520935e-02	-1.453308761119842529e-01
1.958629190921783447e-01	4.488493800163269043e-01	3.628112375736236572e-02	1.152811944484710693e-02	-3.809082880616188049e-02
3.439016938209533691e-01	1.932314336299896240e-01	-4.481170475482940674e-01	-3.017180860042572021e-01	9.116992354393005371e-02
-3.334206342697143555e-01	1.968830376863479614e-01	6.432221736758947372e-03	-6.842549890279769897e-02	2.799727022647857666e-03
-8.948493003845214844e-01	-1.090253889560699463e-02	2.433973699808120728e-01	-1.549016684293746948e-01	4.230129122734069824e-01
-8.036914467811584473e-02	7.792848348617553711e-02	1.277837455272674561e-01	1.648277491331100464e-01	-1.003649681806564331e-01
-1.458481252193450928e-01	-1.060591563582420349e-01	-1.875506937503814697e-01	-3.598216176033020020e-01	1.705291867256164551e-01
1.768414974212646484e-01	1.724007278680801392e-01	6.676257401704788208e-02	-1.106234863400459290e-01	-2.774462103843688965e-01
7.880302071571350098e-01	-5.342085957527160645e-01	-4.512866958975791931e-02	-8.410912752151489258e-02	3.669645637273788452e-02
1.666995584964752197e-01	-2.104476541280746460e-01	6.301365792751312256e-02	-6.393700093030929565e-02	-6.943512707948684692e-02
-1.361829191446304321e-01	1.291179656982421875e-01	7.313811779022216797e-02	4.451156258583068848e-01	-8.704148977994918823e-02
-3.158800005912780762e-01	3.626694669947028160e-03	-2.626279592514038086e-01	7.133118808269500732e-02	6.180207710713148117e-03
-3.252785503864288330e-01	7.982058078050613403e-02	-4.394365008920431137e-03	1.108499690890312195e-01	1.257809400558471680e-01
3.042155802249908447e-01	-4.280194640159606934e-01	-3.948442339897155762e-01	-5.896918177604675293e-01	1.450623720884323120e-01
1.348360925912857056e-01	2.722276747226715088e-01	7.051736116409301758e-02	-2.317642048001289368e-02	-2.472760528326034546e-01
1.267700046300888062e-01	-1.815638504922389984e-02	7.010879367589950562e-02	-1.720197945833206177e-01	7.549055665731430054e-02
-1.038044467568397522e-01	1.553254723548889160e-01	2.892659418284893036e-02	5.795451626181602478e-02	-9.511918574571609497e-02
-4.316206276416778564e-01	-8.083523064851760864e-02	-6.900756061077117920e-02	2.483759522438049316e-01	-1.764483302831649780e-01
-1.058430820703506470e-01	-1.411855816841125488e-01	-1.685456484556198120e-01	9.610401093959808350e-02	-6.845596944913268089e-04
6.444039940834045410e-01	1.214257776737213135e-01	1.049848832190036774e-02	9.949939558282494545e-04	-6.748917698860168457e-02
-7.420722842216491699e-01	-1.440303474664688110e-01	1.835659891366958618e-01	-4.807274416089057922e-02	-2.680325880646705627e-02
-2.407946996390819550e-02	3.318671286106109619e-01	9.229151159524917603e-02	-1.471790522336959839e-01	-2.874399162828922272e-02
-8.036914467811584473e-02	3.120098635554313660e-02	7.015413045883178711e-02	-5.983357876539230347e-02	-2.925140783190727234e-02
-1.909145116806030273e+00	-2.359850555658340454e-01	-2.546246349811553955e-01	1.332513894885778427e-02	2.474497258663177490e-01
-4.694496095180511475e-01	5.303772166371345520e-02	1.169819310307502747e-01	1.762975007295608521e-02	-1.343279927968978882e-01
-3.727516531944274902e-01	1.176804453134536743e-01	1.312990933656692505e-01	-4.760292172431945801e-02	-1.774641573429107666e-01
5.881759524345397949e-02	-9.353471547365188599e-02	8.471979200839996338e-02	-5.528391152620315552e-02	2.313815988600254059e-02
-4.126453027129173279e-02	-2.830468416213989258e-01	2.706656046211719513e-02	6.857723742723464966e-02	1.652676425874233246e-02
2.090210169553756714e-01	3.856547772884368896e-01	-7.676492910832166672e-03	1.912227086722850800e-02	-8.109233528375625610e-02
2.111986130475997925e-01	1.167045757174491882e-01	5.901552736759185791e-02	-1.213722750544548035e-01	3.730264604091644287e-01
-3.663899004459381104e-01	-4.680107161402702332e-02	-1.240661181509494781e-02	2.032399475574493408e-01	-1.790054291486740112e-01
-1.242295727133750916e-01	-1.247385069727897644e-01	1.607193797826766968e-01	8.768690377473831177e-02	6.548906117677688599e-02
-6.881927251815795898e-01	3.330586478114128113e-02	1.397588253021240234e-01	9.276822954416275024e-02	-9.524261951446533203e-02
-1.015832066535949707e+00	-1.417351663112640381e-01	-1.383481919765472412e-01	1.423850953578948975e-01	-7.201833277940750122e-02
6.328757405281066895e-01	-5.193959176540374756e-02	-7.308945059776306152e-02	1.319291472434997559e+00	1.570701301097869873e-01
1.488435417413711548e-01	5.107768997550010681e-02	-2.594789266586303711e-01	-6.383227556943893433e-02	-2.837412059307098389e-01
2.113683074712753296e-01	-3.813030198216438293e-02	-8.128529787063598633e-02	5.014522746205329895e-02	1.284581329673528671e-02
-2.863479554653167725e-01	-1.950816661119461060e-01	7.802118360996246338e-02	-7.597184181213378906e-01	-3.574202954769134521e-02
1.475232243537902832e+00	1.064803451299667358e-01	-4.837827757000923157e-02	7.556759566068649292e-02	9.859813377261161804e-03
-7.020610570907592773e-02	-2.668564617633819580e-01	-7.830924540758132935e-02	1.073972284793853760e-01	6.242309510707855225e-02
-1.458481252193450928e-01	3.013459034264087677e-02	1.268465910106897354e-02	5.249272659420967102e-02	-6.021122261881828308e-02
-4.694496095180511475e-01	1.234757527709007263e-01	2.605405151844024658e-01	-1.149153783917427063e-01	5.693954229354858398e-02
-1.632431983947753906e+00	2.148552685976028442e-01	6.457567960023880005e-02	2.116236984729766846e-01	4.604932665824890137e-02
-1.504794955253601074e-01	-1.763177365064620972e-01	-9.167947620153427124e-02	5.779545903205871582e-01	5.201690271496772766e-02
2.891556024551391602e-01	2.222431898117065430e-01	1.488173454999923706e-01	-1.534560620784759521e-01	-3.749747276306152344e-01
-1.926000565290451050e-01	-7.133026421070098877e-02	-2.393531985580921173e-02	1.404445767402648926e-01	1.493091285228729248e-01
4.294518753886222839e-02	-2.990209162235260010e-01	1.055231783539056778e-02	9.280650317668914795e-02	3.105019219219684601e-02
-1.343851536512374878e-01	-9.498124569654464722e-02	-1.309786438941955566e-01	-5.285888910293579102e-02	9.975710511207580566e-02
5.034146830439567566e-02	4.507963955402374268e-01	1.535597741603851318e-01	-1.126441285014152527e-01	2.034012526273727417e-01
1.085281893610954285e-01	-4.449655488133430481e-02	-5.529642850160598755e-02	3.180128335952758789e-01	1.995059549808502197e-01
-2.091225832700729370e-01	-1.877886354923248291e-01	-2.069701999425888062e-01	2.043503671884536743e-01	1.959031447768211365e-03
8.341341465711593628e-02	-1.381995677947998047e-01	2.341895888093858957e-04	-7.992623001337051392e-02	-2.305460721254348755e-01
-1.337261795997619629e-01	-8.716575056314468384e-02	-1.712503433227539062e-01	-1.419140845537185669e-01	-8.306211233139038086e-02
-6.495121121406555176e-02	7.922553271055221558e-02	5.476356297731399536e-02	-7.403657585382461548e-02	1.863902062177658081e-02
1.904660016298294067e-01	9.423998743295669556e-02	-1.882527023553848267e-01	-2.623528055846691132e-02	-3.409559428691864014e-01
-4.139944911003112793e-02	1.605410575866699219e-01	-1.168137863278388977e-01	1.335119605064392090e-01	4.873081296682357788e-02
9.088232368230819702e-02	-1.244341488927602768e-02	1.130317971110343933e-01	6.936919689178466797e-02	7.805985957384109497e-02
-7.473127543926239014e-02	-5.539860576391220093e-02	7.131101191043853760e-02	-1.280823349952697754e-01	-1.555447429418563843e-01
1.768414974212646484e-01	2.226428128778934479e-02	-4.860373586416244507e-02	2.285839170217514038e-01	3.009457588195800781e-01
-3.727516531944274902e-01	1.992487609386444092e-01	-2.478674054145812988e-01	1.134385168552398682e-01	-2.268040627241134644e-01
-1.504794955253601074e-01	2.007075771689414978e-02	-4.902232065796852112e-02	6.412881612777709961e-02	1.444411575794219971e-01
-2.020931720733642578e+00	1.443381756544113159e-01	-1.082653924822807312e-01	5.307964608073234558e-02	-1.034951135516166687e-01
8.336440473794937134e-02	-2.056627161800861359e-02	-1.044583991169929504e-01	1.944668591022491455e-01	1.331288218498229980e-01
1.281450688838958740e-01	2.116966545581817627e-01	6.666470319032669067e-02	2.047029137611389160e-01	-1.037041246891021729e-01
2.597129642963409424e-01	-9.942588955163955688e-02	-3.604889810085296631e-01	-1.155998557806015015e-01	6.846856325864791870e-03
-8.932130783796310425e-02	2.381058931350708008e-01	2.634642124176025391e-01	1.187701337039470673e-02	1.064204573631286621e-01
1.787630170583724976e-01	5.083975382149219513e-03	1.197511702775955200e-01	-6.929167360067367554e-02	1.667339056730270386e-01
-1.212791353464126587e-01	-9.014100581407546997e-02	2.149343639612197876e-01	-2.255300879478454590e-01	2.379787713289260864e-01
2.106535911560058594e+00	1.328363120555877686e-01	5.242535099387168884e-02	-5.767362192273139954e-02	-2.041401267051696777e-01
-2.796066701412200928e-01	-2.639907002449035645e-01	1.209089756011962891e-01	5.301606282591819763e-02	-4.370647966861724854e-01
-3.589519858360290527e-01	1.553168743848800659e-01	-2.996589615941047668e-02	1.142097264528274536e-01	-6.896109133958816528e-02
3.525625467300415039e-01	1.176741570234298706e-01	3.734394162893295288e-02	-7.591815292835235596e-02	1.839165985584259033e-01
-5.136680230498313904e-02	1.777897030115127563e-01	2.107571959495544434e-01	-9.408593177795410156e-02	-1.025902032852172852e-01
-5.302872061729431152e-01	4.495369270443916321e-02	4.449086263775825500e-02	1.160701438784599304e-01	3.909333795309066772e-02
-1.105804368853569031e-01	1.131500303745269775e-01	-2.528331056237220764e-02	1.344329025596380234e-02	6.509225070476531982e-02
-1.902192234992980957e+00	2.037193328142166138e-01	-1.521727591753005981e-01	-7.542937994003295898e-02	-1.140529066324234009e-01
7.880302071571350098e-01	9.038561582565307617e-02	1.191540360450744629e-01	1.156789716333150864e-02	2.677451968193054199e-01
5.881759524345397949e-02	6.145301088690757751e-02	1.740308105945587158e-01	-1.363388448953628540e-01	-4.281383007764816284e-02
2.891556024551391602e-01	9.254600852727890015e-02	-1.385122090578079224e-01	-5.866973102092742920e-02	1.050949320197105408e-01
8.336440473794937134e-02	2.123263925313949585e-01	8.951022475957870483e-02	2.266746386885643005e-02	-4.596968367695808411e-02
-1.512475609779357910e+00	-2.172191590070724487e-01	5.698558092117309570e-01	1.730819046497344971e-02	2.256557904183864594e-02
-5.164165496826171875e-01	6.717927008867263794e-02	4.042544215917587280e-02	6.529594957828521729e-02	-1.659853309392929077e-01
1.821502596139907837e-01	2.079971581697463989e-01	6.500190496444702148e-02	9.729915857315063477e-02	2.978455722332000732e-01
5.626223981380462646e-02	1.068758368492126465e-01	-3.117013722658157349e-02	-6.338234990835189819e-02	-5.858911201357841492e-02
-8.445157110691070557e-02	-6.279882788658142090e-02	-2.031386494636535645e-01	2.280004695057868958e-02	3.446228802204132080e-02
-3.119053840637207031e-01	-1.622602939605712891e-01	-1.794299036264419556e-01	-6.608320027589797974e-02	-8.810324221849441528e-02
1.399779021739959717e-01	1.388863753527402878e-02	-4.257834330201148987e-02	-1.301579326391220093e-01	-7.166940718889236450e-02
2.893942594528198242e-01	1.094608381390571594e-01	-2.317512221634387970e-02	-8.035081624984741211e-02	1.090106740593910217e-01
1.359198242425918579e-01	-1.806248724460601807e-01	2.822533436119556427e-02	-2.421890795230865479e-01	-2.834217548370361328e-01
7.662145793437957764e-02	-3.818304836750030518e-02	1.851620674133300781e-01	5.131538584828376770e-02	-1.306297928094863892e-01
3.412100970745086670e-01	-1.402546614408493042e-01	-3.707950562238693237e-02	6.664595752954483032e-02	9.268365055322647095e-02
-1.206221655011177063e-01	-8.296626806259155273e-02	7.047101110219955444e-02	1.402773056179285049e-02	1.220238804817199707e-01
4.948484711349010468e-03	8.553321659564971924e-02	1.713475137948989868e-01	-1.666942238807678223e-01	-1.341365426778793335e-01
-2.694307565689086914e-01	1.757043451070785522e-01	5.095278099179267883e-02	-6.642891466617584229e-02	-1.219625696539878845e-01
1.666995584964752197e-01	1.007537096738815308e-01	6.426379829645156860e-02	-8.419717103242874146e-02	-6.375838816165924072e-02
-4.126453027129173279e-02	-3.398019969463348389e-01	-1.565341949462890625e-01	2.520459890365600586e-02	-1.156647726893424988e-01
-1.926000565290451050e-01	-8.965060114860534668e-03	1.836107075214385986e-01	-1.127880364656448364e-01	3.934446349740028381e-02
1.281450688838958740e-01	-9.086147695779800415e-02	8.056102693080902100e-02	-1.696613878011703491e-01	1.678152829408645630e-01
-5.164165496826171875e-01	-4.506974518299102783e-01	-9.677898138761520386e-02	2.630126662552356720e-02	-6.959298253059387207e-02
-1.487118244171142578e+00	2.399386372417211533e-03	-1.661200374364852905e-01	-1.554624140262603760e-01	7.233542948961257935e-02
-1.688308417797088623e-01	-8.408920168876647949e-01	1.662415266036987305e-01	1.669549196958541870e-01	-7.949183881282806396e-02
2.383190393447875977e-01	-1.018893346190452576e-01	1.714239120483398438e-01	8.144696243107318878e-03	7.085243612527847290e-02
6.621536612510681152e-02	1.941269487142562866e-01	1.574262529611587524e-01	-1.106159109622240067e-02	6.433869898319244385e-02
1.385313987731933594e+00	1.637878119945526123e-01	-2.111413329839706421e-01	-1.934864670038223267e-01	-7.191386073827743530e-02
-5.662469193339347839e-02	-1.316342055797576904e-01	1.263369768857955933e-01	-2.240215055644512177e-02	9.154795855283737183e-02
-5.198066830635070801e-01	-6.467745453119277954e-02	-7.982146739959716797e-02	-8.755435049533843994e-02	3.402888774871826172e-02
1.335309445858001709e-02	-4.146286845207214355e-02	1.915877163410186768e-01	1.440116912126541138e-01	7.235843688249588013e-02
-2.263302728533744812e-02	-1.326997112482786179e-02	4.852655902504920959e-02	1.911008805036544800e-01	-1.439525485038757324e-01
6.352592110633850098e-01	-7.993527501821517944e-02	-2.006678134202957153e-01	2.888539731502532959e-01	2.072118520736694336e-01
8.331015706062316895e-02	7.712848484516143799e-02	3.143702819943428040e-02	-1.659096777439117432e-01	-1.631747484207153320e-01
-1.016654167324304581e-02	6.084637716412544250e-02	4.059858620166778564e-02	-1.367626041173934937e-01	-2.628292143344879150e-02
-3.232267126441001892e-02	2.206416614353656769e-02	3.725064173340797424e-02	-1.761258840560913086e-01	-1.296436600387096405e-02
-1.361829191446304321e-01	5.280702188611030579e-02	-3.988022729754447937e-02	-4.708563536405563354e-02	-2.049021273851394653e-01
2.090210169553756714e-01	-1.501904726028442383e-01	-2.352635860443115234e-01	1.733855344355106354e-02	-3.714363649487495422e-02
4.294518753886222839e-02	2.967605553567409515e-02	1.303347498178482056e-01	6.312160938978195190e-02	1.254556234925985336e-02
2.597129642963409424e-01	-1.695483177900314331e-01	-2.443243935704231262e-02	-1.450011972337961197e-02	2.445207349956035614e-02
1.821502596139907837e-01	1.549872159957885742e-01	9.103086590766906738e-02	2.999610304832458496e-01	-2.206938900053501129e-02
-1.688308417797088623e-01	-1.485607326030731201e-01	3.397909551858901978e-02	-2.657136321067810059e-02	2.709234058856964111e-01
-2.159899473190307617e+00	1.927463337779045105e-02	1.209226250648498535e-02	1.018767952919006348e-01	-1.292180120944976807e-01
2.255201786756515503e-01	5.500763189047574997e-03	-3.803324699401855469e-02	-1.638029217720031738e-01	2.116695344448089600e-01
-1.609090119600296021e-01	-2.263005636632442474e-02	2.174515649676322937e-02	-6.490047276020050049e-02	-3.961462154984474182e-02
-1.666325032711029053e-01	-8.666805177927017212e-02	4.932981729507446289e-02	-9.114640206098556519e-02	1.288012862205505371e-01
5.267592892050743103e-02	-4.349142014980316162e-01	-3.753680363297462463e-02	-3.461417974904179573e-03	-4.384312778711318970e-02
-6.320409476757049561e-02	4.705660417675971985e-02	-8.806403726339340210e-02	-1.240121782757341862e-03	1.167577924206852913e-03
-1.906732767820358276e-01	-1.198526546359062195e-01	1.007996201515197754e-01	1.626270264387130737e-01	-1.490266621112823486e-01
-5.341038107872009277e-02	-1.126642078161239624e-01	-9.294279664754867554e-02	-6.669334322214126587e-02	9.491335600614547729e-02
-2.467188984155654907e-01	1.685992777347564697e-01	1.306023895740509033e-01	-7.387834042310714722e-02	-1.679269783198833466e-02
-1.365209966897964478e-01	-2.887504994869232178e-01	-2.314658761024475098e-01	1.073714867234230042e-01	-9.004972875118255615e-02
-3.200826942920684814e-01	-2.261253297328948975e-01	4.731396213173866272e-02	7.186163682490587234e-03	-9.076359122991561890e-02
5.418929271399974823e-03	-1.801206171512603760e-01	-5.111002549529075623e-02	3.800965547561645508e-01	7.678648829460144043e-02
-3.158800005912780762e-01	3.953450322151184082e-01	3.941168487071990967e-01	-2.899521961808204651e-02	-3.583808541297912598e-01
2.111986130475997925e-01	5.285224691033363342e-02	-1.765459030866622925e-01	-1.792173683643341064e-01	-2.879055738449096680e-01
-1.343851536512374878e-01	2.219738811254501343e-02	7.530652731657028198e-02	-8.327593654394149780e-02	-3.362775444984436035e-01
-8.932130783796310425e-02	5.364994704723358154e-02	1.564374119043350220e-01	-9.674099087715148926e-02	-1.686364114284515381e-01
5.626223981380462646e-02	2.959693670272827148e-01	9.621547162532806396e-02	-3.931508362293243408e-01	8.529417961835861206e-02
2.383190393447875977e-01	9.439618885517120361e-02	4.251338541507720947e-02	-6.897059082984924316e-02	-1.550109870731830597e-02
2.255201786756515503e-01	9.435166418552398682e-02	5.486303940415382385e-02	-2.070543542504310608e-02	-4.001671075820922852e-02
1.909907817840576172e+00	-4.833257198333740234e-02	-9.751959890127182007e-02	2.851848006248474121e-01	-7.866923809051513672e-01
-7.503698021173477173e-02	-1.610303819179534912e-01	2.526532392948865891e-03	-5.103111639618873596e-02	-4.058060795068740845e-02
3.542166352272033691e-01	-1.017881780862808228e-01	-1.077309399843215942e-01	-3.706372156739234924e-02	4.686141014099121094e-02
-1.805552095174789429e-01	-6.760502234101295471e-03	3.277918696403503418e-02	1.778207719326019287e-01	1.143570840358734131e-01
7.041032612323760986e-02	8.237807452678680420e-02	-1.635554805397987366e-02	-1.079955250024795532e-01	1.193183287978172302e-01
-2.132264375686645508e-01	3.208801150321960449e-01	8.454899787902832031e-01	1.134311035275459290e-01	-1.049442403018474579e-02
2.616491615772247314e-01	-1.656152456998825073e-01	-1.954355537891387939e-01	-2.831426914781332016e-03	-7.450134027749300003e-03
5.755694583058357239e-02	-1.175684705376625061e-01	-7.415298372507095337e-02	2.726232446730136871e-02	1.504371911287307739e-01
-5.864791944622993469e-02	-1.731461286544799805e-01	-7.639032322913408279e-03	6.066054105758666992e-01	-9.933469444513320923e-02
-6.041049361228942871e-01	3.791128396987915039e-01	-1.827030032873153687e-01	9.579390287399291992e-03	-3.168595135211944580e-01
-2.648714780807495117e-01	3.844115138053894043e-02	1.664129346609115601e-01	1.087011769413948059e-01	-6.381490826606750488e-02
-3.252785503864288330e-01	1.151620894670486450e-01	2.627431452274322510e-01	-7.360535860061645508e-02	-2.313427031040191650e-01
-3.663899004459381104e-01	1.400332897901535034e-01	3.056970834732055664e-01	5.133183673024177551e-02	-1.832680255174636841e-01
5.034146830439567566e-02	-8.071809262037277222e-02	1.527685299515724182e-02	6.133567169308662415e-02	-2.102523297071456909e-02
1.787630170583724976e-01	-1.557501107454299927e-01	-7.095402479171752930e-02	1.355922222137451172e-01	1.159750968217849731e-01
-8.445157110691070557e-02	1.363804638385772705e-01	-8.684489130973815918e-02	4.892220720648765564e-02	8.755333721637725830e-03
6.621536612510681152e-02	-8.249884098768234253e-02	-8.984316885471343994e-02	1.636228710412979126e-01	1.459905952215194702e-01
-1.609090119600296021e-01	2.555001676082611084e-01	4.343017935752868652e-02	7.215972244739532471e-02	-1.002992540597915649e-01
-7.503698021173477173e-02	-1.822687089443206787e-01	-1.841285973787307739e-01	7.783152908086776733e-02	-1.152216121554374695e-01
2.201043605804443359e+00	-3.181860595941543579e-02	-1.999276727437973022e-01	4.893693327903747559e-01	-4.236724078655242920e-01
1.367293894290924072e-01	-7.491760188713669777e-04	-4.763318225741386414e-02	9.898045659065246582e-02	1.022358834743499756e-01
9.014886617660522461e-01	1.230754554271697998e-01	3.475359976291656494e-01	1.676029898226261139e-02	1.474495828151702881e-01
1.576773971319198608e-01	1.530308574438095093e-01	-8.058207482099533081e-02	-4.603753611445426941e-02	2.341382801532745361e-01
4.235518872737884521e-01	6.730955094099044800e-02	-6.360180675983428955e-02	-8.104544878005981445e-02	1.393642276525497437e-01
-5.192781686782836914e-01	-6.165143474936485291e-02	-1.428673714399337769e-01	5.785743892192840576e-02	-5.941582098603248596e-02
-1.433890908956527710e-01	-6.739845126867294312e-02	-2.895458042621612549e-01	2.737948000431060791e-01	-1.388188004493713379e-01
1.567618176341056824e-02	1.301541924476623535e-01	-1.845923997461795807e-02	-9.474974870681762695e-02	-7.334881275892257690e-02
3.699240088462829590e-02	9.237135946750640869e-02	-3.546906262636184692e-02	-8.489294350147247314e-02	-1.838589832186698914e-02
1.741589307785034180e-01	2.619591057300567627e-01	2.940512001514434814e-01	-1.513586789369583130e-01	1.104677692055702209e-01
3.042155802249908447e-01	-1.303418129682540894e-01	8.987833559513092041e-02	-2.605768665671348572e-02	1.932154409587383270e-02
-1.242295727133750916e-01	-1.207833364605903625e-01	-6.614188104867935181e-02	7.792879641056060791e-02	-1.488525867462158203e-01
1.085281893610954285e-01	6.663769483566284180e-02	5.106462538242340088e-02	3.150063380599021912e-02	-5.858125537633895874e-02
-1.212791353464126587e-01	-1.909754425287246704e-01	1.442211568355560303e-01	-4.840207751840353012e-03	-1.819137483835220337e-01
-3.119053840637207031e-01	-2.276987284421920776e-01	-2.188681066036224365e-01	4.139735698699951172e-01	-1.151193305850028992e-02
1.385313987731933594e+00	-2.136590629816055298e-01	-5.493136644363403320e-01	-8.023000322282314301e-03	7.450751960277557373e-02
-1.666325032711029053e-01	-2.415587455034255981e-01	-2.362425811588764191e-02	3.375448584556579590e-01	-9.000937640666961670e-02
3.542166352272033691e-01	4.036048427224159241e-02	1.994552910327911377e-01	-2.514847554266452789e-02	2.466874569654464722e-01
1.367293894290924072e-01	2.763903699815273285e-02	4.066420253366231918e-03	-8.983500301837921143e-02	2.258656360208988190e-02
-1.610620260238647461e+00	6.702063605189323425e-03	-1.502588242292404175e-01	-3.461306169629096985e-02	5.633549690246582031e-01
-2.329134047031402588e-01	2.403920330107212067e-02	2.753170728683471680e-01	9.299231320619583130e-02	-7.959106937050819397e-03
4.643250256776809692e-02	-2.483829669654369354e-02	1.170411109924316406e-01	-6.540286354720592499e-03	-1.576332151889801025e-01
-1.457713097333908081e-01	-8.421666175127029419e-02	-1.889026910066604614e-01	-5.572562664747238159e-02	1.613354682922363281e-01
7.432343810796737671e-02	3.161571174860000610e-02	9.579475224018096924e-02	-2.945611998438835144e-02	-8.360159397125244141e-02
2.678646147251129150e-02	2.173352614045143127e-02	-9.213944524526596069e-02	-8.482607454061508179e-02	-8.683543801307678223e-01
-9.738787263631820679e-02	1.634176969528198242e-01	4.307211562991142273e-02	4.418646171689033508e-02	1.245429217815399170e-01
-8.887446671724319458e-02	5.619435012340545654e-02	1.096671968698501587e-01	7.508592098020017147e-04	5.908200517296791077e-02
-2.453446239233016968e-01	9.419075213372707367e-04	2.091858163475990295e-02	-3.776850923895835876e-02	-3.864322602748870850e-02
1.348360925912857056e-01	6.082269363105297089e-03	-2.243472635746002197e-01	4.650210589170455933e-02	3.065918684005737305e-01
-6.881927251815795898e-01	2.141318768262863159e-01	-2.814750000834465027e-02	8.297950774431228638e-02	-8.936905115842819214e-02
-2.091225832700729370e-01	-4.406886547803878784e-02	-7.988828420639038086e-02	1.129339858889579773e-01	4.582180082798004150e-02
2.106535911560058594e+00	1.243226081132888794e-01	-4.753787070512771606e-02	-1.260103005915880203e-02	-9.158871322870254517e-02
1.399779021739959717e-01	3.684233501553535461e-02	-1.244887188076972961e-01	-9.727528691291809082e-02	-1.310127973556518555e-01
-5.662469193339347839e-02	8.853018879890441895e-01	-1.840311288833618164e-01	4.835570603609085083e-02	-1.181086003780364990e-01
5.267592892050743103e-02	7.881622761487960815e-03	-6.912984699010848999e-02	-8.645927160978317261e-02	7.472050935029983521e-02
-1.805552095174789429e-01	3.368608057498931885e-01	2.400939017534255981e-01	-6.890889257192611694e-02	-5.896891281008720398e-02
9.014886617660522461e-01	4.452537000179290771e-02	1.113087907433509827e-01	5.074257031083106995e-02	1.976303160190582275e-01
-2.329134047031402588e-01	2.121700644493103027e-01	1.486477553844451904e-01	-7.183057665824890137e-01	6.170776486396789551e-01
-1.178475737571716309e+00	1.532560139894485474e-01	-2.087929286062717438e-02	-2.813782095909118652e-01	-1.433606892824172974e-01
