-1.480008009821176529e-03	4.057858884334564209e-02	6.363818794488906860e-02	-1.228547189384698868e-03	-1.613641390576958656e-03
6.107433582656085491e-04	-1.053890446200966835e-03	-9.839194826781749725e-04	4.233133222442120314e-04	1.549071457702666521e-04
2.299605257576331496e-04	6.434270180761814117e-04	8.722381899133324623e-04	1.064645126461982727e-03	-2.629513037391006947e-04
3.634915337897837162e-04	-9.740094537846744061e-04	-6.029650685377418995e-04	1.020277268253266811e-03	2.570895594544708729e-04
4.363572224974632263e-05	-8.773296722210943699e-04	-1.459064893424510956e-03	4.878061008639633656e-04	-7.402468472719192505e-04
-5.402218666858971119e-04	1.250950852409005165e-03	1.348132034763693810e-03	-2.448312006890773773e-04	8.687014633323997259e-05
-1.051478029694408178e-04	1.166212488897144794e-03	8.973539661383256316e-05	-1.045514247380197048e-03	9.472065721638500690e-04
-4.409252433106303215e-04	4.769018560182303190e-04	3.433400706853717566e-04	-2.520572161301970482e-04	-5.838682409375905991e-04
-7.526975241489708424e-05	-4.507884441409260035e-04	7.568043656647205353e-04	1.461430452764034271e-03	2.998512354679405689e-04
1.323872857028618455e-04	6.184660014696419239e-04	-1.025128731271252036e-04	-8.988864137791097164e-04	-3.447284689173102379e-05
3.189780414104461670e-01	-1.002302289009094238e+00	-1.063168048858642578e-01	7.144605624489486217e-04	7.462798953056335449e-01
3.957609587814658880e-04	-9.027076303027570248e-04	-3.205935354344546795e-04	-9.918079013004899025e-04	1.553740701638162136e-03
-1.937353226821869612e-05	-6.872500525787472725e-04	9.286271524615585804e-04	6.263045361265540123e-05	1.027890946716070175e-03
-1.220325822941958904e-03	1.099914297810755670e-04	-6.199592608027160168e-04	-4.220053087919950485e-04	-2.499553665984421968e-04
-2.962991129606962204e-04	2.824165858328342438e-04	-5.908753955736756325e-04	-1.296811271458864212e-03	-4.469655395951122046e-04
-1.852585584856569767e-03	-3.006095357704907656e-04	8.995180833153426647e-04	1.171927317045629025e-03	4.031278658658266068e-04
-1.103381160646677017e-03	4.692104121204465628e-04	1.008164370432496071e-03	1.090009580366313457e-03	-1.377777953166514635e-04
-1.484560489188879728e-04	-1.163025153800845146e-04	-1.080990768969058990e-04	-5.440387758426368237e-04	2.289879193995147943e-04
6.107433582656085491e-04	6.706942804157733917e-04	5.677252775058150291e-04	8.119528065435588360e-04	6.452224624808877707e-06
-3.125855207443237305e+00	1.837801188230514526e-02	-3.511436516419053078e-04	-6.119287572801113129e-04	-8.576600812375545502e-04
-1.257320400327444077e-05	-8.849102887324988842e-04	-8.469431486446410418e-05	-2.394148905295878649e-04	-5.546277388930320740e-04
2.694857830647379160e-04	5.817252094857394695e-04	1.852805871749296784e-05	2.687212254386395216e-04	1.010623760521411896e-03
7.843655766919255257e-04	-6.033910322003066540e-04	7.202303968369960785e-04	5.458047380670905113e-04	5.473399069160223007e-04
7.604882121086120605e-04	-3.518938901834189892e-04	-2.853745536413043737e-05	6.389744812622666359e-04	-8.928166935220360756e-04
3.696947824209928513e-04	-2.033669879892840981e-04	-1.126857358030974865e-03	7.567224383819848299e-05	6.452623638324439526e-04
-1.031815074384212494e-03	7.655822555534541607e-04	5.233334377408027649e-04	-1.099805376725271344e-04	-2.986509934999048710e-04
-4.717460833489894867e-04	-1.232352224178612232e-03	-3.561644698493182659e-04	2.968351764138787985e-04	1.662781578488647938e-04
-1.000039628706872463e-04	8.998812409117817879e-04	-3.197744081262499094e-05	-1.828602398745715618e-04	5.361930816434323788e-04
1.883453514892607927e-04	1.315413392148911953e-04	6.505438359454274178e-04	-2.071036578854545951e-04	-6.583146168850362301e-04
-3.542201593518257141e-04	5.707810050807893276e-04	-2.624321496114134789e-04	2.498540561646223068e-04	3.901560558006167412e-04
-4.925751709379255772e-04	-8.648487273603677750e-04	2.449229068588465452e-04	-2.530997153371572495e-05	9.378308895975351334e-04
-9.124740026891231537e-04	7.142209215089678764e-04	3.907704376615583897e-04	5.313365254551172256e-04	-1.828913693316280842e-03
1.143446541391313076e-03	1.167095149867236614e-03	1.520394114777445793e-03	-8.510093903169035912e-04	1.030654879286885262e-03
-1.416397048160433769e-03	-6.340277614071965218e-04	-4.487556288950145245e-04	-6.430143257603049278e-04	6.447911437135189772e-05
-8.751791319809854031e-04	-9.262885432690382004e-04	1.367251388728618622e-04	-4.968534922227263451e-04	-9.975426364690065384e-04
-2.177852147724479437e-04	-3.169479314237833023e-04	1.862188073573634028e-04	6.878455751575529575e-04	3.767722228076308966e-05
2.299605257576331496e-04	1.400686916895210743e-03	-9.258234058506786823e-04	-3.697400097735226154e-04	-5.841283127665519714e-04
-1.257320400327444077e-05	-1.008026301860809326e-04	-5.367349367588758469e-04	7.082026568241417408e-04	7.989050936885178089e-04
2.318690866231918335e-01	-2.179841976612806320e-05	2.590107731521129608e-03	1.178562990389764309e-03	5.729534104466438293e-02
-7.657730020582675934e-05	-2.763411030173301697e-04	-2.538034750614315271e-04	-8.395980112254619598e-04	-7.871027337387204170e-04
-2.925346198026090860e-04	-1.073545659892261028e-03	7.032078574411571026e-04	-3.889186191372573376e-04	1.644343137741088867e-05
-7.083006785251200199e-04	4.573770274873822927e-04	-3.305901191197335720e-04	-5.908529274165630341e-04	1.892684085760265589e-04
8.919690153561532497e-04	-1.418505795300006866e-03	1.024688361212611198e-03	-6.390186172211542726e-05	-3.818846016656607389e-04
-1.704741502180695534e-03	1.256374176591634750e-03	8.058574749156832695e-04	-9.439143468625843525e-04	3.716257924679666758e-04
1.040439121425151825e-03	-3.036422422155737877e-04	-1.476920442655682564e-05	-1.386217423714697361e-03	-4.753092071041464806e-07
-4.536454507615417242e-04	3.517653094604611397e-04	3.669318175525404513e-05	4.692224902100861073e-04	6.626482936553657055e-04
3.200880018994212151e-04	-1.678365224506705999e-04	-1.712926896288990974e-04	3.504229243844747543e-04	4.241750575602054596e-04
2.932520146714523435e-05	1.984994596568867564e-04	-2.813237078953534365e-04	-1.264160382561385632e-04	-4.061759100295603275e-04
4.949191352352499962e-04	7.401776383630931377e-04	-4.804664058610796928e-06	1.979858643608167768e-04	6.054199766367673874e-04
2.737019094638526440e-04	1.150475000031292439e-04	-6.971524271648377180e-06	-3.922325558960437775e-04	-1.323234057053923607e-03
2.836889505386352539e+00	-4.485666453838348389e-01	-3.053885698318481445e-01	-5.855882773175835609e-05	1.180586987175047398e-03
9.354513604193925858e-04	-4.329126095399260521e-04	-2.395848277956247330e-04	-6.279494846239686012e-04	6.465056212618947029e-04
-4.734009038656949997e-03	-5.920222611166536808e-04	1.511634327471256256e-04	-1.385546755045652390e-03	-1.025643665343523026e-03
-1.296764938160777092e-03	-8.242137264460325241e-04	-3.386083990335464478e-04	6.830965285189449787e-04	-4.564007394947111607e-04
3.634915337897837162e-04	1.803241902962327003e-04	-2.922861604019999504e-04	-7.131969323381781578e-04	6.623141234740614891e-05
2.694857830647379160e-04	4.358222577138803899e-05	-7.884930237196385860e-04	-3.026591148227453232e-04	6.647947011515498161e-04
-7.657730020582675934e-05	8.311755373142659664e-04	4.431439447216689587e-04	-4.027279210276901722e-04	2.018719533225521445e-04
-9.035156108438968658e-04	5.505784880369901657e-03	8.545169257558882236e-04	3.368789851665496826e-01	7.177553488872945309e-04
-5.272354464977979660e-04	1.850127591751515865e-05	-8.330561686307191849e-04	-2.636054341564886272e-05	9.419838897883892059e-04
3.792969800997525454e-04	1.028307015076279640e-04	2.788109704852104187e-04	5.264762439765036106e-04	-1.518868666607886553e-04
7.734586833976209164e-04	4.169257008470594883e-04	3.552928974386304617e-04	2.134987880708649755e-06	1.964897965081036091e-04
3.644833326339721680e+00	6.296750507317483425e-05	-3.885160759091377258e-02	3.624923061579465866e-03	3.865483740810304880e-04
-1.459384802728891373e-04	-4.993912443751469254e-05	-9.230952127836644650e-05	-5.738922045566141605e-04	5.723430076614022255e-04
1.344246120424941182e-04	6.073011318221688271e-04	4.566648858599364758e-04	-1.548106898553669453e-03	8.576402324251830578e-04
-1.182425330625846982e-04	-1.362029928714036942e-03	6.714951014146208763e-04	-8.865489508025348186e-05	7.815993158146739006e-04
2.082970459014177322e-04	6.411406211555004120e-04	5.066331941634416580e-04	-5.549048364628106356e-05	-8.844549302011728287e-04
-5.934818182140588760e-05	8.742436766624450684e-04	2.652909606695175171e-04	-7.485162932425737381e-04	-2.382364327786490321e-04
-1.997220679186284542e-04	3.007666964549571276e-04	8.814991451799869537e-04	2.981118159368634224e-04	6.020057480782270432e-05
7.525315741077065468e-04	-9.036270203068852425e-04	-4.389764799270778894e-04	-5.642612813971936703e-04	9.369885083287954330e-04
-1.019486517179757357e-04	5.560793215408921242e-05	-4.944544052705168724e-04	6.423351005651056767e-04	1.010851265164092183e-04
7.906999671831727028e-04	2.082944993162527680e-04	1.686881296336650848e-04	9.208616684190928936e-04	9.288313449360430241e-04
6.273619364947080612e-04	1.552859670482575893e-03	8.083839202299714088e-04	-8.426874992437660694e-04	5.873675108887255192e-04
4.363572224974632263e-05	-1.243016013177111745e-04	6.225199904292821884e-04	-7.715885294601321220e-04	1.327325357124209404e-03
7.843655766919255257e-04	-1.508322893641889095e-04	-2.380821970291435719e-04	-1.087427139282226562e-03	2.797743363771587610e-04
-2.925346198026090860e-04	1.104145776480436325e-04	-4.237988614477217197e-04	2.167200727853924036e-04	9.692119783721864223e-05
-5.272354464977979660e-04	-3.195818280801177025e-04	-1.300216972595080733e-04	1.778393343556672335e-04	-1.947982527781277895e-04
-2.922469854354858398e+00	-1.259422022849321365e-02	-1.384160220623016357e-01	1.135194376111030579e-01	1.353462925180792809e-03
-2.645353088155388832e-04	4.346820060163736343e-04	-8.467795851174741983e-06	7.241031853482127190e-04	3.285379207227379084e-04
5.937825189903378487e-04	7.263718289323151112e-04	7.983481627888977528e-04	8.871233440004289150e-04	-1.298557501286268234e-03
-1.437855069525539875e-03	-9.822766296565532684e-04	4.709392669610679150e-06	3.051522653549909592e-04	4.711315850727260113e-04
7.255173986777663231e-04	1.344799762591719627e-03	1.298795919865369797e-03	-7.184833521023392677e-05	8.360340725630521774e-04
4.814600397367030382e-04	-1.285792444832623005e-03	-9.671117877587676048e-04	1.961017551366239786e-04	-1.290915999561548233e-03
2.560129505582153797e-04	8.315604645758867264e-06	1.278360286960378289e-04	2.573397941887378693e-04	-1.414043072145432234e-05
1.138007035478949547e-03	2.827264834195375443e-04	2.041986226686276495e-05	9.253351017832756042e-04	8.446396677754819393e-04
-3.419414861127734184e-05	-7.534133619628846645e-04	5.935298395343124866e-04	-5.593333626165986061e-04	-3.948947414755821228e-05
-6.140798795968294144e-04	-2.786369441309943795e-05	-1.484990934841334820e-05	-6.219655042514204979e-04	-4.381775215733796358e-05
-7.103336974978446960e-04	-1.124421833083033562e-04	8.060364052653312683e-06	4.232980718370527029e-04	4.808202502317726612e-04
-9.004760067909955978e-05	-1.408779062330722809e-04	7.548427674919366837e-04	-7.637894595973193645e-04	-3.118160238955169916e-04
1.026620389893651009e-03	1.053160130977630615e-01	4.025982343591749668e-04	-5.072049098089337349e-04	-1.489636255428195000e-03
1.965163100976496935e-04	1.962332986295223236e-03	6.270822486840188503e-04	-9.957887232303619385e-04	-1.165833207778632641e-03
-5.402218666858971119e-04	9.433600935153663158e-04	-3.951705293729901314e-04	3.390193742234259844e-04	-1.195128890685737133e-03
7.604882121086120605e-04	2.835016348399221897e-04	-9.069071966223418713e-04	-5.905720172449946404e-04	-3.470307565294206142e-04
-7.083006785251200199e-04	9.333478519693017006e-04	-9.643098455853760242e-04	-8.812262676656246185e-04	-8.071446209214627743e-04
3.792969800997525454e-04	2.581695443950593472e-04	-3.958107263315469027e-04	9.975342545658349991e-04	3.100706380791962147e-04
-2.645353088155388832e-04	6.068439688533544540e-04	1.530026784166693687e-03	-1.003095647320151329e-03	-6.121809128671884537e-04
-4.895817279815673828e+00	-1.913063041865825653e-02	1.518250443041324615e-02	-2.233024835586547852e-01	-1.365470737218856812e-01
-2.795430482365190983e-04	-8.424551924690604210e-04	1.263502635993063450e-03	-1.199552556499838829e-03	2.146918996004387736e-04
7.668421312700957060e-05	-7.582937250845134258e-04	7.869224064052104950e-04	3.850303182844072580e-04	-2.056777884718030691e-04
1.721507287584245205e-04	9.765437571331858635e-04	-9.675978217273950577e-04	4.867142124567180872e-04	-9.225986432284116745e-04
3.574560978449881077e-04	-5.745702947024255991e-05	4.468390252441167831e-04	4.851364064961671829e-05	1.352713443338871002e-03
2.041442203335464001e-04	-3.462686436250805855e-04	-1.747425121720880270e-04	9.981961920857429504e-04	4.175621725153177977e-04
-5.228769732639193535e-04	2.641059109009802341e-04	-3.730513853952288628e-04	1.342881936579942703e-03	3.657796478364616632e-04
9.832147043198347092e-04	-1.215471886098384857e-03	-6.071972311474382877e-04	-4.198138485662639141e-04	-3.791002091020345688e-04
-4.231327911838889122e-04	-2.003192752599716187e-01	-4.183950950391590595e-04	1.504281972302123904e-04	6.819108501076698303e-03
5.345277022570371628e-04	-8.876104839146137238e-04	-2.281662600580602884e-04	-8.360546780750155449e-04	3.480551822576671839e-04
6.543078925460577011e-04	-1.088617369532585144e-03	-2.153762325178831816e-04	-1.142927067121490836e-04	-8.857156499288976192e-04
4.799999878741800785e-04	-2.657343065948225558e-05	-9.749493910931050777e-04	1.567088766023516655e-04	1.625989680178463459e-04
2.981250581797212362e-04	6.347828311845660210e-04	6.588335381820797920e-04	1.663420116528868675e-04	-3.401538560865446925e-05
-1.051478029694408178e-04	-7.931541185826063156e-04	1.464563421905040741e-03	4.168098967056721449e-04	3.278209187556058168e-04
3.696947824209928513e-04	-4.190343315713107586e-04	8.732672431506216526e-04	1.031877472996711731e-03	-2.302079374203458428e-04
8.919690153561532497e-04	1.491395523771643639e-04	-2.049202332273125648e-03	-8.462473488179966807e-05	-2.824257826432585716e-04
7.734586833976209164e-04	1.939972280524671078e-04	3.965265932492911816e-06	4.323257599025964737e-04	3.365953743923455477e-04
5.937825189903378487e-04	2.742062206380069256e-04	-3.888729843311011791e-04	3.468252252787351608e-04	8.317220490425825119e-04
-2.795430482365190983e-04	2.722436911426484585e-04	-1.894962624646723270e-04	-1.748818322084844112e-04	3.244085237383842468e-04
-2.005794286727905273e+00	-1.405043900012969971e-01	2.431181222200393677e-01	-5.112348869442939758e-02	1.165054067969322205e-01
-2.324684464838355780e-04	-7.101052324287593365e-05	8.886824361979961395e-04	-9.723338007461279631e-05	4.601761465892195702e-04
1.062076073139905930e-03	3.038193681277334690e-04	7.084703975124284625e-05	-2.627904759719967842e-04	1.909749407786875963e-04
-5.779841740150004625e-05	-7.650925545021891594e-04	7.106375414878129959e-04	3.059029695577919483e-04	7.744768518023192883e-04
1.071485457941889763e-03	5.279370816424489021e-04	7.374277338385581970e-04	7.544810650870203972e-04	-4.371434915810823441e-04
-9.087363141588866711e-04	-2.354137541260570288e-04	7.909612031653523445e-04	-7.922556251287460327e-04	-1.096774474717676640e-03
-1.109357690438628197e-03	-1.458213373553007841e-04	-9.607012034393846989e-04	4.182145494269207120e-05	-1.271126908250153065e-03
4.982291138730943203e-04	-7.987258723005652428e-04	1.384838105877861381e-05	-6.452012457884848118e-04	-9.079421288333833218e-04
5.957443499937653542e-05	7.539051584899425507e-04	2.470943145453929901e-04	-5.269469693303108215e-04	7.591332541778683662e-04
6.372601492330431938e-04	9.651496075093746185e-04	1.078160130418837070e-03	-3.238477511331439018e-04	-9.156372980214655399e-04
2.355142059968784451e-04	-9.954299312084913254e-04	-1.019543269649147987e-04	-8.891129982657730579e-04	5.079556140117347240e-04
2.129291533492505550e-05	6.167391547933220863e-04	-2.365228574490174651e-04	3.653479507192969322e-05	6.052515236660838127e-04
-4.409252433106303215e-04	2.069934271275997162e-04	1.176310819573700428e-03	-9.409086778759956360e-04	-6.910467054694890976e-04
-1.031815074384212494e-03	5.216838326305150986e-04	-4.609325551427900791e-04	6.234446191228926182e-04	-4.160026583122089505e-05
-1.704741502180695534e-03	-3.684459952637553215e-04	-1.803067629225552082e-03	-2.261620247736573219e-04	9.426017059013247490e-04
3.644833326339721680e+00	2.003722451627254486e-02	-1.698824204504489899e-02	3.735518082976341248e-02	3.271803725510835648e-03
-1.437855069525539875e-03	1.725744223222136497e-04	-7.803979679010808468e-05	2.411811874480918050e-04	-3.993736754637211561e-05
7.668421312700957060e-05	-1.604489050805568695e-03	1.026484300382435322e-03	-5.816558841615915298e-04	1.922723604366183281e-04
-2.324684464838355780e-04	-4.975327756255865097e-04	-4.032101132906973362e-04	-4.225120064802467823e-04	1.965234405361115932e-04
-5.914775729179382324e-01	5.090733245015144348e-02	1.473930664360523224e-02	1.877112779766321182e-03	6.967444787733256817e-04
-8.446064894087612629e-04	2.084515581373125315e-04	-5.308174877427518368e-05	-3.770914045162498951e-04	2.095255476888269186e-04
-2.408661093795672059e-04	-4.412258276715874672e-04	-1.950933656189590693e-04	7.488143164664506912e-04	-1.221551094204187393e-03
4.774064291268587112e-04	1.279876232729293406e-05	6.682072416879236698e-04	-5.820148362545296550e-05	-5.511302151717245579e-04
-1.681863068370148540e-06	-8.356840698979794979e-04	7.045250822557136416e-05	-9.625206585042178631e-04	-4.202463023830205202e-04
5.338947521522641182e-04	7.963627576828002930e-04	-3.487686044536530972e-04	2.706389932427555323e-04	-7.839103345759212971e-04
-1.920438080560415983e-05	-9.131237166002392769e-04	-8.916134829632937908e-04	1.532678434159606695e-04	1.479306258261203766e-03
-7.340731099247932434e-04	9.793738136067986488e-04	-7.443001959472894669e-04	-8.194101392291486263e-04	-2.966293250210583210e-04
-5.042436532676219940e-04	-4.324846668168902397e-04	7.189626921899616718e-04	4.903724766336381435e-04	-3.480101295281201601e-04
5.953879444859921932e-04	5.327817052602767944e-04	4.433504946064203978e-04	-5.586566403508186340e-04	-5.132613005116581917e-04
4.149896558374166489e-04	9.381823474541306496e-05	8.105728193186223507e-04	4.190355248283594847e-04	1.003897865302860737e-03
-7.526975241489708424e-05	-8.627344504930078983e-04	-3.223394742235541344e-04	-3.104697098024189472e-04	-3.369115293025970459e-04
-4.717460833489894867e-04	-1.032432628562673926e-04	-9.188835974782705307e-04	-1.505393593106418848e-04	3.476481069810688496e-04
1.040439121425151825e-03	-3.327056183479726315e-04	4.880392807535827160e-04	9.200178901664912701e-04	3.513490664772689342e-04
-1.459384802728891373e-04	4.992356407456099987e-04	6.196564645506441593e-04	-6.264325929805636406e-04	1.034177839756011963e-04
7.255173986777663231e-04	-4.350841481937095523e-05	-3.166350070387125015e-04	1.984760892810299993e-04	4.519737558439373970e-05
1.721507287584245205e-04	8.905275608412921429e-04	6.367177702486515045e-04	7.890506822150200605e-06	-3.915284178219735622e-04
1.062076073139905930e-03	1.651691127335652709e-04	9.566791122779250145e-04	-4.231173079460859299e-04	8.082010317593812943e-04
-8.446064894087612629e-04	-2.390392910456284881e-04	6.260236259549856186e-04	-1.892438449431210756e-04	1.264561433345079422e-04
1.906303286552429199e+00	2.576927281916141510e-02	1.736862212419509888e-01	-3.338215406984090805e-03	-2.688178122043609619e-01
-2.555896062403917313e-04	1.517229247838258743e-04	-5.918935858062468469e-05	9.841490536928176880e-04	3.547405067365616560e-04
-2.061867562588304281e-04	-1.488092239014804363e-03	8.201354066841304302e-04	-2.057465026155114174e-03	-1.041371433530002832e-04
9.174253791570663452e-04	2.597111160866916180e-04	-8.451314060948789120e-04	-4.387833469081670046e-04	-1.000651740469038486e-03
-1.337091438472270966e-03	4.763453907798975706e-04	-6.890447111800312996e-04	8.667368674650788307e-04	-1.335859531536698341e-03
4.561468376778066158e-04	-5.135093815624713898e-04	-7.430528057739138603e-05	-7.597717922180891037e-05	4.832779522985219955e-04
8.144077146425843239e-04	-7.019974873401224613e-06	2.693616261240094900e-04	2.101709251292049885e-04	6.992995040491223335e-04
-9.366438025608658791e-04	-4.507493285927921534e-04	6.484193145297467709e-04	7.960915099829435349e-04	1.045537646859884262e-04
6.700482917949557304e-04	9.096070425584912300e-04	-2.980733988806605339e-04	-5.440735258162021637e-04	2.725209342315793037e-04
-2.909935137722641230e-04	8.331189746968448162e-06	-9.416548418812453747e-04	-2.907101297751069069e-04	-2.250599209219217300e-06
1.323872857028618455e-04	-7.069989806041121483e-06	-4.805718781426548958e-04	-5.751316784881055355e-04	-4.778476723004132509e-04
-1.000039628706872463e-04	-4.303604946471750736e-04	4.345593624748289585e-04	-4.657636454794555902e-04	-5.365076503949239850e-05
-4.536454507615417242e-04	2.550312201492488384e-04	-1.614281791262328625e-05	1.960855908691883087e-03	-1.119242369895800948e-04
1.344246120424941182e-04	8.138161501847207546e-05	2.191718958783894777e-04	9.406882600160315633e-05	2.351579605601727962e-04
4.814600397367030382e-04	-2.256243897136300802e-04	-8.941975538618862629e-04	-9.838228579610586166e-04	-8.226487552747130394e-04
3.574560978449881077e-04	-6.485746707767248154e-04	1.502638042438775301e-05	2.901453262893483043e-05	-4.563262336887419224e-04
-5.779841740150004625e-05	-1.338753791060298681e-04	3.026231424883008003e-04	4.819990426767617464e-04	7.554381154477596283e-04
-2.408661093795672059e-04	-6.944845081306993961e-04	-4.320463049225509167e-04	-1.051457598805427551e-03	-2.642310282681137323e-04
-2.555896062403917313e-04	3.644616226665675640e-04	9.742081165313720703e-04	3.968603559769690037e-04	4.758016730193048716e-04
2.885982990264892578e-01	-3.281918540596961975e-02	8.456733776256442070e-04	8.739940240047872066e-04	5.395381525158882141e-02
-7.829167298041284084e-04	-1.094429404474794865e-03	5.541664722841233015e-05	1.231445785379037261e-04	-4.533482715487480164e-04
8.714837022125720978e-04	4.148401203565299511e-04	6.948810187168419361e-04	-4.253034130670130253e-04	-2.010899042943492532e-04
-7.785021443851292133e-04	-3.550099611282348633e+00	-2.913230657577514648e-02	-7.086455356329679489e-03	-9.888296015560626984e-03
-4.767786304000765085e-04	3.560205223038792610e-04	-7.321394514292478561e-04	2.046045556198805571e-04	-1.838836906244978309e-04
3.117386368103325367e-04	-2.002226538024842739e-04	4.650409100577235222e-04	9.587940294295549393e-04	-5.077596288174390793e-04
-1.932872401084750891e-04	6.505440978799015284e-06	5.198477301746606827e-04	-6.477615097537636757e-04	-2.531819918658584356e-04
1.130038057453930378e-03	1.529138535261154175e-05	5.775486351922154427e-05	-1.216583186760544777e-03	-5.970920319668948650e-04
-1.327838283032178879e-03	1.210722839459776878e-03	-3.574544680304825306e-04	-3.925894852727651596e-04	-1.080119982361793518e-03
3.189780414104461670e-01	-6.540358811616897583e-02	8.851217031478881836e-01	6.049018353223800659e-02	-2.273406716994941235e-04
1.883453514892607927e-04	-6.524763302877545357e-04	-2.564223832450807095e-04	5.663830233970656991e-05	1.753255492076277733e-04
3.200880018994212151e-04	-4.801019676961004734e-04	3.302071709185838699e-04	2.909972390625625849e-04	3.478311700746417046e-04
-1.182425330625846982e-04	-9.551078546792268753e-04	3.300972748547792435e-04	-6.773546192562207580e-05	1.210677670314908028e-03
2.560129505582153797e-04	-3.935925196856260300e-04	-1.405626419000327587e-03	1.253971713595092297e-03	1.577350194565951824e-04
2.041442203335464001e-04	8.362758089788258076e-04	1.364666677545756102e-04	6.146421656012535095e-04	-5.648281658068299294e-04
1.071485457941889763e-03	8.070328040048480034e-04	-9.899853030219674110e-04	-8.646338828839361668e-04	5.040307878516614437e-04
4.774064291268587112e-04	5.209161463426426053e-05	-1.116469968110322952e-03	-3.265927662141621113e-04	-5.752769066020846367e-04
-2.061867562588304281e-04	-4.616240403265692294e-06	-3.957147127948701382e-04	-2.650113310664892197e-05	1.797219156287610531e-04
-7.829167298041284084e-04	1.917750807479023933e-03	-1.885711099021136761e-04	1.402038149535655975e-03	-1.222291612066328526e-04
-2.249920368194580078e-01	2.709399210289120674e-03	1.816543401218950748e-03	-8.681218326091766357e-02	-1.015979703515768051e-02
-4.197465605102479458e-04	-1.526958541944622993e-03	7.518833153881132603e-04	2.752505242824554443e-04	-5.742147332057356834e-04
1.009749597869813442e-03	-1.074059982784092426e-04	-2.780344402708578855e-05	1.583550038048997521e-04	-7.062696386128664017e-05
-3.038478316739201546e-04	-8.535471279174089432e-04	-1.120363944210112095e-03	-8.523259311914443970e-04	-3.674197650980204344e-04
-1.580621465109288692e-03	-8.897074731066823006e-04	5.403364193625748158e-04	2.832240425050258636e-04	-1.023391960188746452e-03
-6.057361606508493423e-04	1.611975021660327911e-04	-7.363074109889566898e-04	-4.232641658745706081e-04	-8.267820812761783600e-04
1.041083160089328885e-04	-3.291441826149821281e-04	2.973270311485975981e-04	-6.270689482335001230e-05	8.608053030911833048e-05
6.464758771471679211e-04	-1.111321733333170414e-03	-8.435827912762761116e-04	-9.034858085215091705e-04	-4.809428646694868803e-04
3.957609587814658880e-04	1.060553768184036016e-04	-2.649071393534541130e-05	-6.560663459822535515e-04	3.721271932590752840e-04
-3.542201593518257141e-04	4.882951034232974052e-04	-7.022616046015173197e-05	1.333079999312758446e-03	-1.264944672584533691e-03
2.932520146714523435e-05	5.303947837091982365e-04	-8.189601940102875233e-04	5.690697580575942993e-04	-8.766714017838239670e-04
2.082970459014177322e-04	3.007633495144546032e-06	2.744439407251775265e-04	-4.066828696522861719e-04	-8.928679744713008404e-04
1.138007035478949547e-03	-2.874934580177068710e-05	-5.796577315777540207e-04	7.299357093870639801e-04	-9.799133986234664917e-04
-5.228769732639193535e-04	-4.051370196975767612e-04	3.503216721583157778e-04	-3.497775469440966845e-04	-7.682354189455509186e-04
-9.087363141588866711e-04	-4.717911942861974239e-04	-1.828428794397041202e-04	7.580427336506545544e-05	-3.917720168828964233e-04
-1.681863068370148540e-06	4.412233538459986448e-04	2.762192889349535108e-05	-1.388740260154008865e-03	1.780696038622409105e-05
9.174253791570663452e-04	5.242687620921060443e-06	-3.500097081996500492e-04	1.363059622235596180e-03	-7.889218395575881004e-04
8.714837022125720978e-04	-7.990357698872685432e-05	-1.050859689712524414e-03	-2.827590215019881725e-04	-8.556522661820054054e-04
-4.197465605102479458e-04	-3.434781683608889580e-04	-2.650780370458960533e-04	3.294862690381705761e-04	5.701754707843065262e-04
-1.796255230903625488e+00	1.841887384653091431e-01	9.342334419488906860e-02	7.705573225393891335e-04	6.183740496635437012e-02
9.758771630004048347e-04	-4.611453041434288025e-04	-5.755550810135900974e-04	-9.416476823389530182e-04	-1.060883863829076290e-03
8.730540866963565350e-04	4.429000255186110735e-04	-1.098392880521714687e-03	5.919587565585970879e-04	1.416597864590585232e-03
1.272701309062540531e-03	-3.805154119618237019e-04	1.130453892983496189e-03	-5.435365019366145134e-04	-6.216461770236492157e-05
3.613718145061284304e-04	1.158602972282096744e-04	6.761709228157997131e-04	-6.912332028150558472e-04	-7.126028649508953094e-04
9.689296130090951920e-04	1.769252412486821413e-04	-1.160513493232429028e-04	-2.960889542009681463e-04	-6.472034729085862637e-04
3.560960758477449417e-04	8.799972129054367542e-04	-2.376899356022477150e-04	4.675475793192163110e-05	-1.709832926280796528e-03
-1.937353226821869612e-05	-8.270204998552799225e-04	-9.964660275727510452e-04	9.094467386603355408e-04	1.271021785214543343e-03
-4.925751709379255772e-04	-1.375833875499665737e-03	9.382273419760167599e-04	-5.779414204880595207e-04	-4.409459506860002875e-06
4.949191352352499962e-04	2.293323632329702377e-04	-1.138049556175246835e-04	-8.533777436241507530e-04	9.593520662747323513e-04
-5.934818182140588760e-05	1.751000090735033154e-04	-1.812384813092648983e-03	-5.906352307647466660e-04	1.440118416212499142e-03
-3.419414861127734184e-05	-8.378073689527809620e-04	4.379440797492861748e-04	1.600155839696526527e-03	9.726433781906962395e-04
9.832147043198347092e-04	-8.676715078763663769e-04	9.138657478615641594e-04	-4.817531444132328033e-04	3.105560899712145329e-04
-1.109357690438628197e-03	8.001588284969329834e-04	-4.465314850676804781e-04	-9.804271394386887550e-04	2.200656745117157698e-04
5.338947521522641182e-04	-2.164336910936981440e-04	-1.245380262844264507e-03	4.779224109370261431e-04	-5.226846551522612572e-04
-1.337091438472270966e-03	-4.505144897848367691e-04	-1.256339484825730324e-03	1.067044213414192200e-03	-6.496298010461032391e-04
-7.785021443851292133e-04	1.051306840963661671e-03	7.710686768405139446e-04	-4.997651558369398117e-06	1.698892936110496521e-02
1.009749597869813442e-03	-1.979738881345838308e-04	-2.466542646288871765e-04	2.709004329517483711e-04	1.422655885107815266e-03
9.758771630004048347e-04	-7.372091640718281269e-04	-6.404410814866423607e-04	-8.601811714470386505e-05	6.386571330949664116e-04
8.501770207658410072e-04	-1.310526113957166672e-02	-6.715611089020967484e-04	-3.631543950177729130e-04	4.945186898112297058e-03
2.262433990836143494e-04	-9.194523445330560207e-04	-2.726737293414771557e-04	-4.598710220307111740e-04	2.596478443592786789e-04
-1.375072461087256670e-04	-1.022502401610836387e-04	4.755266709253191948e-04	3.751013136934489012e-04	-6.529090460389852524e-04
-1.300333649851381779e-03	9.270192822441458702e-05	1.461277832277119160e-03	-3.896494454238563776e-04	-1.000943826511502266e-03
-1.623109797947108746e-03	1.370811369270086288e-03	2.902880369219928980e-04	3.853678063023835421e-04	-6.559258908964693546e-04
-3.141048946417868137e-04	3.609203267842531204e-04	5.644216435030102730e-05	2.262211055494844913e-04	4.977303324267268181e-04
-1.220325822941958904e-03	-3.297312068752944469e-04	7.111036102287471294e-04	-1.323800388490781188e-04	-8.465704740956425667e-04
-9.124740026891231537e-04	1.252692076377570629e-03	7.747678318992257118e-04	2.961087448056787252e-04	9.572244016453623772e-04
2.737019094638526440e-04	-3.869868814945220947e-04	-2.968457411043345928e-04	8.633743273094296455e-04	5.623932811431586742e-04
-1.997220679186284542e-04	1.125073991715908051e-03	9.567856322973966599e-04	-9.444773895666003227e-04	-3.740037209354341030e-05
-6.140798795968294144e-04	-1.232267357409000397e-03	-4.743841127492487431e-04	-1.769355731084942818e-04	4.136331845074892044e-04
-4.231327911838889122e-04	2.098660022020339966e-01	7.924460805952548981e-05	-7.251796196214854717e-04	-1.684558810666203499e-03
4.982291138730943203e-04	-7.110942970030009747e-04	-1.385650713928043842e-03	-7.619917159900069237e-04	3.892279928550124168e-04
-1.920438080560415983e-05	-1.461577776353806257e-04	-3.286874562036246061e-04	-5.920078838244080544e-04	-1.430443022400140762e-03
4.561468376778066158e-04	8.660771709401160479e-05	-7.898333715274930000e-04	-2.910674083977937698e-07	-3.846454783342778683e-04
-4.767786304000765085e-04	1.459817867726087570e-04	3.251821326557546854e-04	-9.065443300642073154e-04	-5.639681476168334484e-04
-3.038478316739201546e-04	-4.340223968029022217e-04	-6.241091614356264472e-05	7.768245413899421692e-04	8.704516221769154072e-04
8.730540866963565350e-04	-2.904260472860187292e-04	-3.134974394924938679e-04	2.629855007398873568e-04	5.347036640159785748e-04
2.262433990836143494e-04	4.809328675037249923e-05	7.664044969715178013e-04	-3.581391501938924193e-05	2.156037080567330122e-04
-4.229953765869140625e+00	-1.237931288778781891e-02	1.303934678435325623e-02	1.076125279068946838e-01	3.850093111395835876e-02
-2.452209009788930416e-04	-3.649716963991522789e-04	-6.677873898297548294e-05	-7.243523141369223595e-04	2.279404725413769484e-06
-1.167883310699835420e-04	3.408485790714621544e-04	9.920049924403429031e-04	6.476008566096425056e-04	-8.051120094023644924e-04
6.905759801156818867e-05	-1.274500245926901698e-04	3.988349926657974720e-04	-1.256562536582350731e-03	-1.040204660966992378e-03
-7.756982813589274883e-04	6.529944366775453091e-04	-6.350262556225061417e-04	-3.908246289938688278e-04	1.318838185397908092e-04
-2.962991129606962204e-04	1.140041975304484367e-03	1.345130149275064468e-04	6.175980670377612114e-04	-6.795668159611523151e-04
1.143446541391313076e-03	6.067572394385933876e-04	1.413811813108623028e-03	-5.901742260903120041e-04	1.865506637841463089e-03
2.836889505386352539e+00	-7.162241265177726746e-03	-1.484159845858812332e-03	-9.552031755447387695e-02	-5.244234343990683556e-04
7.525315741077065468e-04	-2.126817591488361359e-03	5.598707939498126507e-04	-9.459499269723892212e-04	-1.828735345043241978e-03
-7.103336974978446960e-04	1.376242609694600105e-03	1.061343355104327202e-04	6.804557051509618759e-04	7.127520511858165264e-04
5.345277022570371628e-04	-5.244984058663249016e-04	-5.282099300529807806e-05	2.496555098332464695e-04	7.700466085225343704e-04
5.957443499937653542e-05	1.162180211395025253e-03	5.142522277310490608e-04	-5.658698501065373421e-04	-3.054456901736557484e-04
-7.340731099247932434e-04	-3.538805176503956318e-04	-1.515379844931885600e-04	-2.106771571561694145e-04	-1.162679327535443008e-04
8.144077146425843239e-04	-1.319098228123039007e-04	7.717659464105963707e-04	3.991695411968976259e-04	-6.839966517873108387e-04
3.117386368103325367e-04	-2.613766118884086609e-04	-5.195615813136100769e-04	-5.370174767449498177e-04	-1.213877694681286812e-03
-1.580621465109288692e-03	-9.129125974141061306e-04	8.640555461170151830e-05	-5.580044817179441452e-04	6.703936378471553326e-04
1.272701309062540531e-03	-8.958306862041354179e-04	6.139762117527425289e-04	2.620637533254921436e-04	-6.308390875346958637e-04
-1.375072461087256670e-04	-1.360965543426573277e-04	-2.006135764531791210e-04	1.998516381718218327e-05	4.377091536298394203e-04
-2.452209009788930416e-04	8.934032521210610867e-04	-9.512797987554222345e-06	8.812650339677929878e-04	1.542691024951636791e-04
5.646724253892898560e-03	-1.812772899866104126e-01	2.091494388878345490e-02	1.613388420082628727e-03	2.602016087621450424e-03
8.045625290833413601e-04	-4.215044027660042048e-04	-6.460259319283068180e-04	2.098401600960642099e-04	-3.021361771970987320e-04
3.008883213624358177e-04	1.421739580109715462e-04	-2.174884313717484474e-03	4.043093576910905540e-05	-9.231982403434813023e-04
-1.320482697337865829e-04	-4.657613462768495083e-04	-1.370220794342458248e-03	-1.032256521284580231e-03	3.583701909519731998e-04
-1.852585584856569767e-03	1.764133339747786522e-04	5.762976943515241146e-04	9.724830742925405502e-04	-5.412827595137059689e-04
-1.416397048160433769e-03	-3.925206838175654411e-04	2.765342360362410545e-04	6.357666570693254471e-04	-1.013047411106526852e-03
9.354513604193925858e-04	5.326216705725528300e-05	-7.878307951614260674e-04	1.230809953995049000e-03	-5.618048598989844322e-04
-1.019486517179757357e-04	9.483426692895591259e-04	-2.413943584542721510e-04	-1.786709995940327644e-03	-2.125630271621048450e-05
-9.004760067909955978e-05	7.680050912313163280e-04	2.844405826181173325e-04	8.218525908887386322e-04	4.692767979577183723e-04
6.543078925460577011e-04	8.465460268780589104e-04	-9.694494074210524559e-04	2.054541138932108879e-03	-2.293430152349174023e-04
6.372601492330431938e-04	1.491834176704287529e-03	4.302321467548608780e-04	-8.161105215549468994e-04	5.865460843779146671e-04
-5.042436532676219940e-04	9.603730868548154831e-04	9.012076770886778831e-04	-7.001092308200895786e-04	-1.002614852041006088e-03
-9.366438025608658791e-04	-3.703889087773859501e-04	-2.903086715377867222e-04	-4.460425989236682653e-04	8.676839643158018589e-04
-1.932872401084750891e-04	1.354219508357346058e-03	-1.174108183477073908e-05	7.568254950456321239e-04	1.224307052325457335e-04
-6.057361606508493423e-04	9.313834598287940025e-04	4.164810525253415108e-04	-3.150725679006427526e-04	8.109714835882186890e-04
3.613718145061284304e-04	-6.882550078444182873e-04	-1.410275581292808056e-05	8.419246878474950790e-04	2.019027015194296837e-04
-1.300333649851381779e-03	5.601270822808146477e-04	-2.900969702750444412e-04	9.408656624145805836e-04	-7.899856427684426308e-06
-1.167883310699835420e-04	2.278494066558778286e-04	1.267643645405769348e-03	-1.100293011404573917e-03	7.552423048764467239e-04
8.045625290833413601e-04	2.462281845510005951e-04	2.984694438055157661e-04	6.759586976841092110e-04	-5.849015433341264725e-04
-4.876843929290771484e+00	2.281453087925910950e-02	1.258851438760757446e-01	-1.564624160528182983e-01	2.743152435868978500e-05
-5.119147826917469501e-04	-1.886269892565906048e-03	1.687272015260532498e-04	6.265196134336292744e-04	2.954848750960081816e-04
-8.464263519272208214e-04	4.495191387832164764e-04	-2.740648924373090267e-04	3.543159255059435964e-05	3.852284571621567011e-04
-1.103381160646677017e-03	-6.641802610829472542e-04	7.715947576798498631e-04	6.712120375595986843e-04	7.330403896048665047e-04
-8.751791319809854031e-04	1.335420180112123489e-03	1.620350521989166737e-04	-2.859357045963406563e-04	1.309047802351415157e-03
-4.734009038656949997e-03	-1.370227187871932983e-01	3.122998750768601894e-04	-1.343555632047355175e-03	-1.342083066701889038e-01
7.906999671831727028e-04	1.241082791239023209e-04	-7.354790577664971352e-04	-1.938205678015947342e-03	1.454890589229762554e-04
1.026620389893651009e-03	1.640429254621267319e-03	2.063511346932500601e-04	-7.274514064192771912e-05	-5.859039083588868380e-05
4.799999878741800785e-04	5.471051554195582867e-04	4.199887043796479702e-04	-8.579975692555308342e-04	1.235300442203879356e-05
2.355142059968784451e-04	-4.983266699127852917e-04	-9.285219712182879448e-04	4.824550414923578501e-04	1.021486707031726837e-03
5.953879444859921932e-04	-6.421733414754271507e-04	-3.286369610577821732e-04	-3.773398930206894875e-04	-1.750715309754014015e-03
6.700482917949557304e-04	-8.382331579923629761e-04	-9.101332980208098888e-04	-1.030113053275272250e-04	-1.367074786685407162e-03
1.130038057453930378e-03	2.592179807834327221e-04	2.256353036500513554e-05	-4.603070847224444151e-04	1.247793436050415039e-03
1.041083160089328885e-04	-1.438114413758739829e-04	6.082634208723902702e-04	-3.893573302775621414e-04	-6.892462261021137238e-04
9.689296130090951920e-04	4.978132783435285091e-04	-4.536041815299540758e-04	-6.030202348483726382e-05	6.213765009306371212e-04
-1.623109797947108746e-03	1.065025222487747669e-03	1.269333646632730961e-03	-2.359004574827849865e-04	-1.178510021418333054e-03
6.905759801156818867e-05	7.603320409543812275e-04	4.743021854665130377e-04	-5.933779175393283367e-05	8.060132968239486217e-04
3.008883213624358177e-04	-3.440005471929907799e-03	-4.617034574039280415e-04	-4.338914295658469200e-04	-7.533738017082214355e-02
-5.119147826917469501e-04	5.117041873745620251e-04	5.099442205391824245e-06	5.648754304274916649e-04	-4.589185118675231934e-05
7.830525282770395279e-04	-7.968460558913648129e-04	-3.391352016478776932e-03	9.019894152879714966e-02	3.741460386663675308e-05
2.129656262695789337e-03	-8.121536374092102051e-01	-2.354196645319461823e-02	-1.531292498111724854e-01	2.862710952758789062e+00
-1.484560489188879728e-04	8.540250128135085106e-04	-8.356092148460447788e-04	-6.984138744883239269e-04	4.608438757713884115e-04
-2.177852147724479437e-04	1.356202061288058758e-03	-3.832261427305638790e-04	-7.188544841483235359e-04	-4.278309643268585205e-04
-1.296764938160777092e-03	1.157474180217832327e-04	-7.656908035278320312e-02	-1.375253486912697554e-04	-4.038834013044834137e-04
6.273619364947080612e-04	5.056620284449309111e-05	-1.010133069939911366e-03	9.831663192017003894e-05	-3.221450024284422398e-04
1.965163100976496935e-04	-5.476725054904818535e-04	-4.003514647483825684e-01	-5.730846896767616272e-04	1.043899217620491982e-03
2.981250581797212362e-04	4.804264754056930542e-04	-3.341422998346388340e-04	-3.146470407955348492e-04	-3.851507790386676788e-04
2.129291533492505550e-05	1.281822798773646355e-03	-9.169528493657708168e-04	7.196028018370270729e-04	6.581805064342916012e-04
4.149896558374166489e-04	4.714646493084728718e-04	-1.732319360598921776e-04	-2.237031003460288048e-04	6.844797753728926182e-04
-2.909935137722641230e-04	3.904209879692643881e-04	8.000076632015407085e-04	-7.187717128545045853e-04	4.443341458681970835e-04
-1.327838283032178879e-03	-1.454690209357067943e-04	-6.613115547224879265e-04	6.420242134481668472e-04	9.805391309782862663e-04
6.464758771471679211e-04	9.027296910062432289e-04	5.743082147091627121e-04	-1.398333115503191948e-03	6.842310540378093719e-04
3.560960758477449417e-04	-4.522127564996480942e-04	-6.329412572085857391e-04	-4.132750618737190962e-04	-1.686756731942296028e-04
-3.141048946417868137e-04	-1.252082729479297996e-04	-1.349535188637673855e-03	-1.322106109000742435e-04	-8.497205562889575958e-04
-7.756982813589274883e-04	1.086703850887715816e-04	4.000722037744708359e-05	3.883716999553143978e-04	-1.377316075377166271e-04
-1.320482697337865829e-04	1.228110340889543295e-04	-2.274177502840757370e-03	-1.054416876286268234e-03	-7.914891466498374939e-04
-8.464263519272208214e-04	-3.899302100762724876e-06	-1.276995753869414330e-04	-5.634388071484863758e-04	-1.645274169277399778e-04
2.129656262695789337e-03	7.613630150444805622e-04	2.581729292869567871e-01	4.101921245455741882e-02	-1.294236048124730587e-03
1.418454339727759361e-03	-1.426508533768355846e-04	-1.586041450500488281e-01	1.092050923034548759e-03	1.852350425906479359e-03
