-3.003291368484497070e+00	2.147742919623851776e-02	-6.689576059579849243e-02	-2.056934754364192486e-04	-4.092226922512054443e-02
-1.258230186067521572e-04	-2.005178830586373806e-04	-6.598562467843294144e-04	-2.062931307591497898e-04	-4.419398028403520584e-04
-2.208012738265097141e-04	-3.022041637450456619e-04	-3.650749276857823133e-04	-8.546601748093962669e-05	9.116451838053762913e-04
8.134217932820320129e-04	2.175601257476955652e-04	1.036647823639214039e-03	-1.139733067248016596e-04	-2.728471299633383751e-04
-1.147138827946037054e-04	5.386304692365229130e-04	-3.468102950137108564e-04	-5.170962540432810783e-04	-1.012753811664879322e-03
8.387470152229070663e-04	1.734289573505520821e-03	-6.323312409222126007e-04	-4.662257153540849686e-03	-9.806309826672077179e-04
5.755028687417507172e-04	4.437707830220460892e-04	7.675339002162218094e-04	2.099337871186435223e-04	9.601873462088406086e-04
9.583210339769721031e-05	3.854929655790328979e-02	-8.489940315485000610e-03	-3.844587504863739014e-02	-2.124502090737223625e-03
6.991024711169302464e-04	-5.497507518157362938e-04	-6.539950845763087273e-05	1.921741641126573086e-04	-6.163507350720465183e-04
3.032729728147387505e-03	-2.235332067357376218e-04	-3.635993925854563713e-04	-9.023383609019219875e-04	5.116008687764406204e-04
-1.504875835962593555e-03	9.379320545122027397e-04	-8.916626393329352140e-05	1.396767562255263329e-03	-7.418885943479835987e-04
7.322068559005856514e-04	1.608037622645497322e-03	4.057232290506362915e-04	-1.824582112021744251e-03	1.452819677069783211e-03
1.163119915872812271e-03	-4.213428474031388760e-05	-8.576764957979321480e-05	3.851532237604260445e-04	4.174284986220300198e-04
-3.727931994944810867e-03	-7.124412804841995239e-04	-6.865299073979258537e-04	1.487156152725219727e-01	-1.247194595634937286e-04
-7.172411424107849598e-04	5.912724300287663937e-04	-3.846108447760343552e-04	-5.881083779968321323e-04	8.443878032267093658e-04
-1.725758193060755730e-04	2.346820547245442867e-04	-1.233074814081192017e-03	1.603469136171042919e-03	4.678310360759496689e-04
4.663475265260785818e-04	-5.160282598808407784e-04	-1.110593439079821110e-03	1.530955778434872627e-03	8.265833603218197823e-04
1.347674260614439845e-04	9.853392839431762695e-06	2.457230817526578903e-03	-1.746932975947856903e-04	-1.229897607117891312e-04
-1.258230186067521572e-04	1.574812340550124645e-03	1.718702260404825211e-04	-8.609756478108465672e-04	4.084313986822962761e-04
-3.280942678451538086e+00	2.186306286603212357e-03	-6.289499998092651367e-02	-1.638925261795520782e-02	-3.589937835931777954e-02
-1.848303247243165970e-03	9.008111082948744297e-04	4.432902205735445023e-04	-2.932775532826781273e-04	9.802909335121512413e-05
6.990947294980287552e-04	-1.254648435860872269e-03	1.228006207384169102e-03	-5.670019309036433697e-04	2.896323567256331444e-04
3.190888673998415470e-05	-6.792023777961730957e-04	7.395292050205171108e-04	-8.903292473405599594e-04	-5.913834902457892895e-04
6.616661557927727699e-04	6.922273896634578705e-04	-7.430260302498936653e-05	-9.297637734562158585e-04	-8.699411991983652115e-04
8.508379105478525162e-04	6.233312888070940971e-04	-2.071586786769330502e-04	2.881647087633609772e-04	8.183254976756870747e-04
4.013804136775434017e-04	8.070241892710328102e-04	8.138230186887085438e-04	1.177430967800319195e-03	-7.628601160831749439e-04
1.118803676217794418e-02	-1.805601292289793491e-03	5.854154005646705627e-04	-3.056644345633685589e-04	1.338695408776402473e-03
-7.769282674416899681e-04	4.212336498312652111e-04	-7.411585102090612054e-05	-5.890018073841929436e-04	-1.980524975806474686e-04
-1.157785998657345772e-03	-1.508702291175723076e-03	5.937428027391433716e-02	6.541334441863000393e-04	-2.278280630707740784e-02
-9.450047509744763374e-04	1.436378806829452515e-04	-6.646767724305391312e-05	-8.663267362862825394e-04	-1.390904653817415237e-04
3.391929203644394875e-05	-6.025321781635284424e-04	1.351415179669857025e-03	-7.844960782676935196e-05	-1.421013148501515388e-03
3.098107990808784962e-04	-8.996246615424752235e-04	6.016012048348784447e-04	-4.856765735894441605e-04	-8.259113528765738010e-04
7.026770617812871933e-04	9.062608587555587292e-04	-1.946382457390427589e-03	-1.956456108018755913e-04	-7.146279676817357540e-05
1.885689795017242432e-03	-6.438341806642711163e-04	8.210996165871620178e-04	-6.348039605654776096e-04	-1.011019689030945301e-03
3.672859165817499161e-04	6.001207511872053146e-04	8.310019969940185547e-03	7.156395167112350464e-02	-1.752843707799911499e-01
5.561492871493101120e-04	-3.122866037301719189e-04	2.998909913003444672e-04	-3.035425324924290180e-04	9.193347068503499031e-06
-2.208012738265097141e-04	5.356695619411766529e-04	9.462264715693891048e-04	-2.782166411634534597e-04	4.483980010263621807e-04
-1.848303247243165970e-03	-4.355194978415966034e-04	-1.524162362329661846e-04	-1.205819658935070038e-03	-9.155040024779736996e-04
2.607280969619750977e+00	9.953327476978302002e-02	-4.008936812169849873e-04	-7.600626349449157715e-02	2.671413123607635498e-03
7.184232026338577271e-02	2.500850521028041840e-02	1.117229312658309937e-01	-4.017896135337650776e-04	6.733206659555435181e-02
2.681281184777617455e-04	5.545452586375176907e-05	-6.003162707202136517e-04	2.147188206436112523e-04	9.680290822871029377e-04
8.267120574600994587e-04	-2.499004476703703403e-04	-1.868857536464929581e-03	8.052506600506603718e-04	2.769017592072486877e-04
-7.021644851192831993e-04	4.112618044018745422e-03	1.869834726676344872e-03	-3.918029367923736572e-03	-1.262478232383728027e-01
1.780857564881443977e-03	4.826889489777386189e-04	1.355994900222867727e-04	1.956345513463020325e-04	3.925013588741421700e-04
-1.428299292456358671e-04	8.861154492478817701e-05	-8.714977651834487915e-02	-6.995277944952249527e-04	-1.114437505602836609e-01
-1.346177770756185055e-03	3.356958040967583656e-04	-5.222277250140905380e-04	-1.177640864625573158e-03	8.983876323327422142e-04
-9.439052082598209381e-04	1.418229658156633377e-06	4.033964360132813454e-04	8.486044825986027718e-04	1.313771004788577557e-03
-1.001172000542283058e-03	2.548696356825530529e-04	-5.064193392172455788e-04	3.269446315243840218e-04	-2.959766425192356110e-04
-1.776442222762852907e-04	-4.206191301345825195e-01	-2.716885805130004883e-01	-7.796894060447812080e-04	4.764085169881582260e-03
-8.040971588343381882e-04	5.584986065514385700e-04	-5.888792220503091812e-04	-2.081372367683798075e-04	9.918658179230988026e-05
-1.444047549739480019e-03	-3.776750818360596895e-04	5.281706154346466064e-02	-4.232109640724956989e-04	8.832244202494621277e-04
-1.429916825145483017e-03	-1.105267554521560669e-03	5.160763976164162159e-05	-2.580834552645683289e-05	6.005498580634593964e-04
-2.306576934643089771e-04	4.218448302708566189e-04	6.444113096222281456e-04	-9.604601655155420303e-04	1.303096651099622250e-04
-1.211697526741772890e-04	2.164413745049387217e-04	-1.010983949527144432e-03	-6.652296287938952446e-04	-1.182665349915623665e-03
8.134217932820320129e-04	3.019151627086102962e-04	-5.521985003724694252e-04	7.005296647548675537e-04	4.054470919072628021e-04
6.990947294980287552e-04	1.022158889099955559e-03	-4.118606448173522949e-04	-5.184730980545282364e-04	-1.568581210449337959e-04
7.184232026338577271e-02	-6.637702230364084244e-03	-4.732670204248279333e-04	9.991200640797615051e-04	-2.338255047798156738e-01
3.342670679092407227e+00	-7.142280228435993195e-03	1.591406576335430145e-02	3.195624053478240967e-02	1.881521642208099365e-01
-3.020221483893692493e-04	5.817132769152522087e-04	-6.587436073459684849e-04	1.514219213277101517e-03	6.039818399585783482e-04
1.966950017958879471e-03	6.880585569888353348e-04	1.065805845428258181e-04	-4.554274491965770721e-04	8.572984370402991772e-06
-6.140767945908010006e-04	7.976901833899319172e-04	-1.737414626404643059e-03	1.226649270392954350e-03	3.125407092738896608e-04
-2.462279226165264845e-04	-2.139884512871503830e-03	-7.833424606360495090e-04	-1.990058808587491512e-04	-1.007506507448852062e-03
-4.213337379042059183e-04	1.689326134510338306e-03	-8.298349380493164062e-02	-1.135039478540420532e-01	1.895088236778974533e-03
3.554990398697555065e-04	-2.784335520118474960e-04	-5.267087835818529129e-04	2.361761871725320816e-04	1.014402485452592373e-03
4.862770729232579470e-04	-1.236278330907225609e-03	-2.139350108336657286e-04	1.460977800888940692e-04	3.124559007119387388e-04
-6.039105355739593506e-04	-3.055698936805129051e-03	-3.764937282539904118e-04	-1.785637432476505637e-04	5.588955245912075043e-04
2.563784122467041016e-01	-2.344827204942703247e-01	2.149950414896011353e-01	-6.626582890748977661e-02	1.000530901364982128e-04
1.205138629302382469e-03	4.859114415012300014e-05	-1.133045880123972893e-03	6.876074476167559624e-04	-9.794709039852023125e-04
3.689733566716313362e-04	-3.106689080595970154e-03	1.284743309952318668e-03	2.174760960042476654e-02	-1.429968476295471191e-01
-1.178656937554478645e-03	-9.543144842609763145e-04	8.122447179630398750e-04	-5.320452619343996048e-04	-1.618680078536272049e-03
-3.744710120372474194e-04	-1.320453011430799961e-04	4.910253919661045074e-04	-6.567428936250507832e-04	-5.442571127787232399e-04
-1.424135873094201088e-03	-1.257257186807692051e-03	1.097006606869399548e-03	5.444430280476808548e-04	-1.024349010549485683e-03
-1.147138827946037054e-04	-8.782512159086763859e-04	-4.448198596946895123e-04	-9.302133112214505672e-04	-5.673586856573820114e-04
3.190888673998415470e-05	-1.638236280996352434e-04	1.633522566407918930e-03	5.233172327280044556e-02	-8.476796746253967285e-02
2.681281184777617455e-04	2.791688893921673298e-04	4.305065085645765066e-04	-1.380007015541195869e-04	1.069343299604952335e-03
-3.020221483893692493e-04	-1.934624160639941692e-04	1.143447356298565865e-03	3.986998344771564007e-04	1.657549757510423660e-03
-4.312734603881835938e+00	8.431333303451538086e-02	2.146805971860885620e-01	-1.882168836891651154e-02	-5.894295126199722290e-02
-4.584487178362905979e-04	-6.045934860594570637e-04	9.879644494503736496e-05	6.899985601194202900e-05	4.663511645048856735e-04
-2.583890557289123535e-01	-4.025464586447924376e-04	-3.197175217792391777e-03	-6.162374280393123627e-03	-1.441011991119012237e-04
4.714696551673114300e-04	-5.374284810386598110e-04	5.754200392402708530e-04	3.756053512915968895e-03	4.337858117651194334e-04
8.968663169071078300e-04	5.237361183390021324e-04	-4.935444449074566364e-04	7.353884866461157799e-04	-6.400607526302337646e-05
6.906696362420916557e-04	4.093114112038165331e-04	4.402862396091222763e-04	9.603606886230409145e-04	-9.283424587920308113e-04
1.504688407294452190e-04	2.235079300589859486e-04	3.389172255992889404e-02	6.741812685504555702e-04	-6.581129273399710655e-04
-4.308139905333518982e-04	-1.849938649684190750e-03	-1.877912320196628571e-03	8.766978862695395947e-04	-3.914850205183029175e-02
-6.317996303550899029e-04	4.054194141644984484e-04	-1.145923975855112076e-03	-4.211690684314817190e-04	-3.788773610722273588e-04
-1.208738394780084491e-04	2.167416736483573914e-03	1.565184211358428001e-04	-1.243657607119530439e-04	5.751522257924079895e-04
1.346208387985825539e-03	1.071273698471486568e-03	-5.443124100565910339e-04	1.308961072936654091e-03	-9.292592294514179230e-04
1.455516321584582329e-03	3.477458655834197998e-02	1.223572436720132828e-02	-9.278649464249610901e-03	2.823167247697710991e-03
2.046015579253435135e-03	5.912318010814487934e-04	7.750357035547494888e-04	3.494431972503662109e-01	3.133795857429504395e-01
-6.066070636734366417e-05	8.363519445993006229e-04	9.778304956853389740e-07	-1.374243292957544327e-04	-5.215662531554698944e-04
8.387470152229070663e-04	-5.403690738603472710e-04	2.539893612265586853e-04	7.198455859906971455e-04	-5.280681070871651173e-04
6.616661557927727699e-04	3.315943176858127117e-04	6.224558455869555473e-04	5.044033168815076351e-04	-1.206895802170038223e-03
8.267120574600994587e-04	5.445612478069961071e-04	-6.857736152596771717e-04	8.330026757903397083e-04	-9.051282540895044804e-04
1.966950017958879471e-03	-5.456620128825306892e-04	1.097313477657735348e-03	-3.846770268864929676e-04	9.152569691650569439e-04
-4.584487178362905979e-04	9.248971473425626755e-04	-1.631083432585000992e-04	3.518493904266506433e-04	-4.648144822567701340e-04
2.266743220388889313e-03	4.042836837470531464e-03	3.136561214923858643e-01	6.989105604588985443e-04	-6.911354139447212219e-04
2.910541952587664127e-04	-6.423985469155013561e-04	1.166793052107095718e-03	1.714792597340419888e-04	1.247224165126681328e-03
-1.223865547217428684e-05	-1.129426062107086182e-03	3.998396396636962891e-01	6.987784057855606079e-02	-5.501599237322807312e-02
3.097410080954432487e-04	-2.256432315334677696e-03	-8.179433643817901611e-04	-6.076868739910423756e-04	-1.890287036076188087e-03
-1.811749458312988281e+00	-1.315897982567548752e-02	-4.230681061744689941e-02	6.420698482543230057e-04	2.786249220371246338e-01
1.290118088945746422e-04	4.716166877187788486e-04	1.052478444762527943e-03	-7.656752131879329681e-05	2.282235800521448255e-04
-2.104910323396325111e-03	2.248087548650801182e-05	-7.443144568242132664e-04	-3.015829715877771378e-03	-8.587307529523968697e-04
1.178708043880760670e-03	4.346890491433441639e-04	-2.952591166831552982e-04	-7.003271020948886871e-04	1.050333026796579361e-03
4.778841976076364517e-04	-4.536773485597223043e-04	1.041044248268008232e-03	3.107488155364990234e-03	4.023477376904338598e-04
-5.079392576590180397e-04	5.536807584576308727e-04	3.884967300109565258e-04	-4.857656313106417656e-05	-5.545488675124943256e-04
3.155511803925037384e-04	-1.127212075516581535e-03	-1.505467807874083519e-04	-5.284853978082537651e-04	1.326538389548659325e-03
-6.172543508000671864e-04	2.002011518925428391e-03	-1.051831291988492012e-03	-2.822642563842236996e-04	-1.719984808005392551e-03
-2.571213990449905396e-04	-1.208989415317773819e-03	6.026276969350874424e-04	1.273567322641611099e-03	-1.001965254545211792e-03
5.755028687417507172e-04	1.665693474933505058e-03	7.104448741301894188e-04	-5.503977299667894840e-04	3.323491546325385571e-04
8.508379105478525162e-04	1.363504561595618725e-04	-4.375917487777769566e-04	2.087825268972665071e-04	4.957086639478802681e-04
-7.021644851192831993e-04	1.561644603498280048e-04	-9.420264977961778641e-04	-6.506672501564025879e-02	-3.458847105503082275e-02
-6.140767945908010006e-04	3.242602688260376453e-04	-2.934074727818369865e-04	1.655925414524972439e-03	9.134079446084797382e-04
-2.583890557289123535e-01	3.653718158602714539e-02	8.335896767675876617e-03	-5.935895442962646484e-02	-2.720413804054260254e-01
2.910541952587664127e-04	-8.325846865773200989e-04	8.379033533856272697e-04	-1.899633207358419895e-04	2.822922251652926207e-04
-1.709290981292724609e+00	5.692784907296299934e-05	-8.835186250507831573e-03	-2.107140026055276394e-04	8.109853370115160942e-04
1.113027334213256836e-03	-3.098185872659087181e-03	-6.797514506615698338e-04	5.898631643503904343e-04	3.006133483722805977e-04
6.862130248919129372e-04	8.353695739060640335e-05	6.405818858183920383e-04	-2.800285001285374165e-04	2.101517282426357269e-02
-4.394569550640881062e-04	6.419731653295457363e-04	7.316734991036355495e-04	-9.193199221044778824e-04	5.976554239168763161e-04
1.940265065059065819e-04	1.119882334023714066e-03	-6.878431304357945919e-04	-6.482134340330958366e-04	7.761507295072078705e-04
2.020763000473380089e-03	3.506713546812534332e-04	1.512193819507956505e-03	1.917546731419861317e-03	-9.157148306258022785e-04
-3.286293506622314453e+00	-2.889654040336608887e-02	3.054825356230139732e-05	8.336576865985989571e-05	-1.496588927693665028e-03
-1.000728341750800610e-03	-6.850236095488071442e-04	-1.666260068304836750e-04	1.912104547955095768e-03	7.187885930761694908e-04
-4.765139601659029722e-04	2.040465129539370537e-03	3.721928223967552185e-04	4.972224682569503784e-02	-5.139021668583154678e-04
-2.863535191863775253e-04	-5.376887856982648373e-04	1.163483364507555962e-03	-1.242120983079075813e-03	1.321825780905783176e-03
-4.834579885937273502e-04	6.080316961742937565e-04	3.804810578003525734e-03	1.721373992040753365e-04	8.657657355070114136e-02
5.577504634857177734e-05	-3.827928798273205757e-03	-3.030255902558565140e-05	-1.697573810815811157e-02	9.914136491715908051e-03
9.583210339769721031e-05	5.164843797683715820e-01	-1.821374297142028809e-01	-1.836603321135044098e-02	-1.386038260534405708e-03
4.013804136775434017e-04	2.662109327502548695e-04	-1.505702151916921139e-03	2.145383623428642750e-04	-1.292842905968427658e-03
1.780857564881443977e-03	-3.080036840401589870e-04	6.714750779792666435e-04	4.710528301075100899e-04	5.365686956793069839e-04
-2.462279226165264845e-04	-1.098574837669730186e-03	-3.591623972170054913e-04	1.793027040548622608e-04	7.853971328586339951e-05
4.714696551673114300e-04	3.192066028714179993e-02	3.963088383898139000e-04	-5.417912034317851067e-04	-6.103494670242071152e-04
-1.223865547217428684e-05	-4.725314793176949024e-04	-3.561053276062011719e-01	-1.877281069755554199e-01	1.901728510856628418e-01
1.113027334213256836e-03	1.607985934242606163e-03	4.921525251120328903e-04	4.310061922296881676e-04	-5.788126727566123009e-04
-3.034132957458496094e+00	-9.523732960224151611e-02	1.580392867326736450e-01	2.597749116830527782e-04	-7.354110479354858398e-02
7.802865584380924702e-04	1.428290968760848045e-03	4.227284225635230541e-04	4.206119047012180090e-04	-8.851216407492756844e-04
5.661771865561604500e-04	2.523727947846055031e-03	-2.406816929578781128e-03	-1.119328197091817856e-03	4.661455750465393066e-04
-1.128325005993247032e-03	5.522732972167432308e-04	6.605372182093560696e-04	3.585326485335826874e-04	5.784555105492472649e-04
-9.353456087410449982e-03	-5.839676130563020706e-03	-2.880878164432942867e-04	-7.742840051651000977e-01	-3.111177124083042145e-03
-1.260777353309094906e-03	1.114485901780426502e-03	5.240820464678108692e-04	2.426661550998687744e-03	-1.550352608319371939e-04
-5.063201533630490303e-04	-3.786479309201240540e-02	3.957308945246040821e-04	-5.387911805883049965e-04	9.122471511363983154e-02
1.802188635338097811e-04	-5.497237434610724449e-04	-7.071457803249359131e-04	-5.435053026303648949e-05	-1.044355565682053566e-03
6.812124252319335938e-01	1.218146062456071377e-03	1.774824049789458513e-04	5.642573907971382141e-02	7.434475421905517578e-01
-2.812496619299054146e-03	-1.549435546621680260e-03	-1.406684052199125290e-03	-1.227356260642409325e-03	-6.042779423296451569e-04
1.587494160048663616e-03	3.089896636083722115e-04	-9.827524190768599510e-04	4.214647924527525902e-04	4.060822539031505585e-05
6.991024711169302464e-04	1.068622514139860868e-04	-5.687837256118655205e-05	-4.481142095755785704e-04	-3.500636667013168335e-04
1.118803676217794418e-02	-8.391839219257235527e-04	6.168393883854150772e-04	-8.768863976001739502e-03	5.769996205344796181e-04
-1.428299292456358671e-04	-2.159810974262654781e-04	-2.677232623100280762e-01	-3.639968927018344402e-04	-1.616298034787178040e-02
-4.213337379042059183e-04	1.634421409107744694e-03	-1.703429734334349632e-05	1.397270592860877514e-03	-1.079785870388150215e-03
8.968663169071078300e-04	3.678999608382582664e-03	-4.586421418935060501e-04	4.526528937276452780e-04	2.484763972461223602e-04
3.097410080954432487e-04	-8.808616548776626587e-04	1.936762419063597918e-04	-1.477421959862112999e-03	-5.028279265388846397e-04
6.862130248919129372e-04	1.913972664624452591e-05	9.192896541208028793e-04	2.714610891416668892e-04	6.081414176151156425e-04
7.802865584380924702e-04	1.155379577539861202e-03	-2.454437490087002516e-04	-6.384449079632759094e-04	7.448793621733784676e-05
5.385256186127662659e-02	1.417251885868608952e-03	-1.165791079401969910e-01	8.660414023324847221e-04	1.948326826095581055e-02
2.475026994943618774e-03	-3.198234480805695057e-04	-1.373539678752422333e-03	-2.561643486842513084e-04	-8.990567876026034355e-04
-2.489394042640924454e-03	1.084641204215586185e-03	1.792287686839699745e-03	1.280339900404214859e-03	7.637268863618373871e-04
-9.998659515986219049e-05	-1.922431751154363155e-03	4.569589800667017698e-04	-1.080204965546727180e-04	5.966458702459931374e-04
-1.935004838742315769e-04	4.665054730139672756e-04	-6.775581277906894684e-05	-8.663676562719047070e-04	-1.602924764156341553e-01
-2.416874340269714594e-04	2.389546949416399002e-03	-1.400548266246914864e-03	-1.580881304107606411e-03	1.258357951883226633e-04
-2.242053031921386719e+00	2.595753371715545654e-01	1.167135238647460938e+00	7.649658946320414543e-04	6.867848569527268410e-04
2.675151336006820202e-04	2.062649291474372149e-04	-6.796256639063358307e-05	-9.809504263103008270e-05	3.023644967470318079e-04
-3.024813253432512283e-03	-8.270627586171030998e-04	-3.417762636672705412e-04	5.198929831385612488e-02	-2.745779929682612419e-03
5.597647395916283131e-04	8.144048042595386505e-04	-5.074930377304553986e-04	-7.151010213419795036e-04	3.665896656457334757e-04
3.032729728147387505e-03	-4.415174771565943956e-04	-5.834049079567193985e-04	1.268158201128244400e-03	4.455834277905523777e-04
-7.769282674416899681e-04	-2.584682079032063484e-05	2.955895615741610527e-05	1.315464032813906670e-05	9.427717304788529873e-04
-1.346177770756185055e-03	-4.090682487003505230e-04	-1.097291940823197365e-03	-1.047084107995033264e-03	1.236727228388190269e-03
3.554990398697555065e-04	1.620824332349002361e-03	-6.788065074943006039e-04	-6.754762725904583931e-04	1.546832034364342690e-03
6.906696362420916557e-04	-4.915345343761146069e-04	-1.085380557924509048e-03	-3.160317137371748686e-04	-1.063248841091990471e-03
-1.811749458312988281e+00	-4.332122334744781256e-04	7.974823238328099251e-04	-9.423976391553878784e-02	1.630498282611370087e-02
-4.394569550640881062e-04	1.310696476139128208e-03	-4.341266758274286985e-04	8.101719431579113007e-04	8.250362006947398186e-04
5.661771865561604500e-04	-1.440893625840544701e-03	1.649220939725637436e-03	3.623164375312626362e-04	8.558149565942585468e-04
2.475026994943618774e-03	-2.399163204245269299e-04	-3.996585146524012089e-04	4.778552101925015450e-04	8.596429252065718174e-04
6.978589296340942383e-02	1.354501466266810894e-03	-8.518548565916717052e-05	-9.701437503099441528e-02	-2.799781262874603271e-01
9.373647626489400864e-04	-6.309808231890201569e-04	-5.786924157291650772e-04	-2.842067915480583906e-04	1.383319497108459473e-03
-1.094297156669199467e-03	-2.033215248957276344e-03	-2.321298234164714813e-03	-4.684438463300466537e-04	4.960901569575071335e-04
-2.145797479897737503e-03	-3.434495301917195320e-04	1.026632729917764664e-03	8.633825927972793579e-05	-3.819129487965255976e-04
-9.145651129074394703e-04	3.868273273110389709e-02	1.318135764449834824e-03	3.359190374612808228e-02	9.767604060471057892e-04
2.257714280858635902e-03	-8.101861458271741867e-04	3.523555933497846127e-04	4.827350785490125418e-04	1.253116759471595287e-03
2.760670904535800219e-04	-4.333051620051264763e-04	8.540572016499936581e-04	-1.472462317906320095e-04	-1.927468692883849144e-04
1.183632994070649147e-04	-7.363546756096184254e-04	-7.102839881554245949e-04	-3.630564606282860041e-04	-6.001209840178489685e-07
2.427906147204339504e-04	1.896061003208160400e-04	-9.715995402075350285e-04	-2.780293580144643784e-04	2.113808441208675504e-04
-1.504875835962593555e-03	5.260168691165745258e-04	-2.565999166108667850e-04	1.584366837050765753e-04	-1.636148430407047272e-03
-1.157785998657345772e-03	-2.335598837817087770e-04	-8.449710160493850708e-02	-2.760408259928226471e-02	8.356945589184761047e-03
-9.439052082598209381e-04	-1.688048127107322216e-03	-7.845112122595310211e-04	-2.848781005013734102e-04	8.078844402916729450e-04
4.862770729232579470e-04	-4.651678027585148811e-04	-1.161595690064132214e-03	1.343979733064770699e-03	-8.667486254125833511e-04
1.504688407294452190e-04	-2.552543068304657936e-03	-1.128555275499820709e-03	-1.483149244450032711e-04	-9.945549536496400833e-04
1.290118088945746422e-04	-1.286244951188564301e-03	3.030415391549468040e-04	-5.079170223325490952e-04	-7.046206155791878700e-05
1.940265065059065819e-04	3.319703973829746246e-04	-1.442038337700068951e-04	-1.660810434259474277e-03	6.388734909705817699e-04
-1.128325005993247032e-03	-4.592600744217634201e-04	4.879493208136409521e-04	6.246226839721202850e-04	-1.085980402422137558e-04
-2.489394042640924454e-03	-1.201305305585265160e-03	4.117068601772189140e-04	6.465571932494640350e-04	-1.190126035362482071e-02
9.373647626489400864e-04	-1.971299934666603804e-04	9.562962804920971394e-05	6.995284929871559143e-04	-4.380213504191488028e-04
-3.123860597610473633e+00	2.642757073044776917e-02	-3.244130685925483704e-02	-1.408840436488389969e-02	-2.522278344258666039e-03
3.578433534130454063e-04	-1.820899196900427341e-04	7.204980938695371151e-04	7.926501566544175148e-04	-3.975207800976932049e-04
2.039846032857894897e-03	4.011898417957127094e-04	3.859067801386117935e-04	-6.089445669203996658e-04	1.246967702172696590e-03
1.358558889478445053e-03	-1.594419445609673858e-04	8.642750617582350969e-05	9.729001321829855442e-04	6.619609775952994823e-04
2.473829372320324183e-04	-7.912573055364191532e-04	-2.347149275010451674e-04	1.128363190218806267e-03	-6.283699069172143936e-03
-1.058881869539618492e-03	-1.023513177642598748e-04	-2.186841884395107627e-04	-1.468875212594866753e-03	-3.077412548009306192e-04
4.721420700661838055e-04	-5.304085207171738148e-04	5.044972058385610580e-04	1.314248220296576619e-04	-7.765316404402256012e-04
-2.827661228366196156e-04	-1.865782891400158405e-03	5.106764845550060272e-03	-1.395288622006773949e-03	-4.907444235868752003e-06
7.322068559005856514e-04	1.148440875113010406e-03	-5.182635504752397537e-06	-8.110569906421005726e-04	2.952632121741771698e-02
-9.450047509744763374e-04	-1.824658829718828201e-05	-1.101542729884386063e-03	-3.384394221939146519e-04	8.809465216472744942e-04
-1.001172000542283058e-03	6.554360734298825264e-04	-8.108978508971631527e-04	-2.822832029778510332e-04	-5.208605434745550156e-04
-6.039105355739593506e-04	-7.263367297127842903e-05	2.312488504685461521e-05	-2.901882398873567581e-04	-1.169551513157784939e-03
-4.308139905333518982e-04	1.407424570061266422e-03	8.063554996624588966e-04	3.520557889714837074e-03	-1.565709128044545650e-03
-2.104910323396325111e-03	-1.232526847161352634e-03	3.911490493919700384e-04	-7.251623319461941719e-04	-2.075684256851673126e-03
2.020763000473380089e-03	1.133772893808782101e-03	1.136640552431344986e-03	-3.803298575803637505e-03	-9.298956138081848621e-04
-9.353456087410449982e-03	3.776996745727956295e-04	-5.852880887687206268e-03	-1.525741769000887871e-03	-1.149704903364181519e-01
-9.998659515986219049e-05	1.865448284661397338e-04	4.727852065116167068e-04	3.375326632522046566e-04	-4.922710941173136234e-04
-1.094297156669199467e-03	-2.125081373378634453e-04	-1.124443486332893372e-03	8.431961759924888611e-07	4.167837905697524548e-04
3.578433534130454063e-04	1.232209266163408756e-03	3.907858626917004585e-05	1.340853865258395672e-03	-1.443113433197140694e-03
-3.180405497550964355e-02	-1.308020204305648804e-01	-9.838494658470153809e-02	-2.218542940681800246e-04	-9.922227263450622559e-02
-2.868549490813165903e-04	2.983608283102512360e-05	1.835785224102437496e-05	-1.228869543410837650e-03	-8.591276127845048904e-04
6.660075159743428230e-04	7.983959512785077095e-04	1.137264538556337357e-03	2.199730952270328999e-04	2.564549678936600685e-03
7.745021721348166466e-04	4.650367773137986660e-04	-1.698633423075079918e-05	-2.743332297541201115e-04	5.462683620862662792e-04
3.863422632217407227e+00	-4.247598350048065186e-02	-2.723013460636138916e-01	-5.791374715045094490e-04	6.733555346727371216e-05
6.870774086564779282e-05	4.006892559118568897e-04	6.220707437023520470e-04	-2.902757842093706131e-04	-1.441058702766895294e-03
3.812815411947667599e-04	-6.874836981296539307e-05	2.735573798418045044e-04	1.258980366401374340e-03	8.946491871029138565e-04
1.163119915872812271e-03	2.450949978083372116e-06	6.266939453780651093e-04	2.190572558902204037e-04	-2.301720378454774618e-04
3.391929203644394875e-05	1.173373544588685036e-03	9.525461064185947180e-05	-1.535531482659280300e-03	-8.593008387833833694e-04
-1.776442222762852907e-04	-1.356089342152699828e-04	-8.871293067932128906e-01	1.998852007091045380e-03	9.651851723901927471e-05
2.563784122467041016e-01	2.181134885177016258e-03	-1.087022479623556137e-03	-3.888420760631561279e-02	-1.379729714244604111e-02
-6.317996303550899029e-04	1.241538557223975658e-03	3.097738139331340790e-03	-3.328488767147064209e-01	5.147469928488135338e-04
1.178708043880760670e-03	1.441908185370266438e-03	5.233279080130159855e-05	-6.482088938355445862e-04	-8.794877212494611740e-04
-3.286293506622314453e+00	2.677503507584333420e-04	-8.607742493040859699e-04	8.672238909639418125e-04	-1.515984907746315002e-02
-1.260777353309094906e-03	2.655505886650644243e-05	-1.219220925122499466e-03	-1.225918298587203026e-03	-1.021299627609550953e-03
-1.935004838742315769e-04	-7.804611232131719589e-04	6.814198568463325500e-04	3.547416068613529205e-03	-3.673078317660838366e-04
-2.145797479897737503e-03	-1.500440994277596474e-03	7.218774408102035522e-04	3.067934885621070862e-04	1.436771359294652939e-03
2.039846032857894897e-03	-2.334764576517045498e-04	9.132062550634145737e-04	7.140748784877359867e-04	-3.213038435205817223e-04
-2.868549490813165903e-04	-2.668502856977283955e-04	3.135895240120589733e-04	5.520024569705128670e-05	-2.221412723883986473e-04
-9.682416566647589207e-04	3.112894017249345779e-03	-1.993076642975211143e-03	-5.601821467280387878e-04	4.546282580122351646e-04
-4.588569863699376583e-04	9.879374410957098007e-04	-1.737446291372179985e-03	-4.305987968109548092e-04	8.308574324473738670e-04
5.880087264813482761e-04	-6.131669133901596069e-02	2.388685010373592377e-03	-2.656293567270040512e-03	3.586046514101326466e-04
-2.601950545795261860e-04	-1.901134499348700047e-03	-4.167521256022155285e-04	-1.007452374324202538e-03	2.877408405765891075e-04
-6.530579994432628155e-04	2.933054347522556782e-04	8.024986600503325462e-04	-7.176928920671343803e-05	7.487331749871373177e-04
-9.710769518278539181e-05	-2.418445947114378214e-04	-1.282034645555540919e-04	-1.882330980151891708e-03	5.863537080585956573e-05
-3.727931994944810867e-03	5.057891830801963806e-02	3.104852279648184776e-03	6.377950194291770458e-04	3.290431050118058920e-04
3.098107990808784962e-04	4.164853889960795641e-04	-3.855391987599432468e-04	1.049311686074361205e-04	1.597165100974962115e-04
-8.040971588343381882e-04	5.983361043035984039e-04	2.693745773285627365e-04	2.861662651412189007e-04	6.114425486885011196e-04
1.205138629302382469e-03	9.875310352072119713e-04	5.244024796411395073e-04	6.371547351591289043e-04	-2.196124405600130558e-04
-1.208738394780084491e-04	-2.138898242264986038e-03	7.275386597029864788e-04	-1.399219181621447206e-04	1.626120880246162415e-03
4.778841976076364517e-04	-4.373676609247922897e-03	3.212857292965054512e-03	-6.896011764183640480e-04	-7.393890409730374813e-04
-1.000728341750800610e-03	5.748345283791422844e-04	-1.115665887482464314e-03	2.664399798959493637e-04	-5.611423403024673462e-04
-5.063201533630490303e-04	1.786129735410213470e-02	5.155876278877258301e-04	-1.092080841772258282e-03	-4.115195199847221375e-02
-2.416874340269714594e-04	-3.921513562090694904e-04	-9.718560613691806793e-04	2.327236288692802191e-04	-4.411294357851147652e-04
-9.145651129074394703e-04	-4.491205513477325439e-02	1.198875368572771549e-03	-7.635024958290159702e-04	-3.516270220279693604e-02
1.358558889478445053e-03	-9.405320161022245884e-04	7.890701090218499303e-05	-4.315454862080514431e-04	6.028534844517707825e-04
6.660075159743428230e-04	-9.590765694156289101e-05	-6.461888551712036133e-04	4.515016451478004456e-03	1.524019753560423851e-03
-4.588569863699376583e-04	-2.999043208546936512e-04	-7.678565452806651592e-04	1.628459431231021881e-03	-5.395193584263324738e-04
-2.161747932434082031e+00	-1.766602843999862671e-01	1.673771589994430542e-01	-1.359851844608783722e-02	1.662747934460639954e-02
-1.262105070054531097e-05	-1.085696858353912830e-03	-1.038023969158530235e-03	7.641487172804772854e-04	1.505844993516802788e-03
4.561544628813862801e-04	-3.300074895378202200e-04	-3.328776219859719276e-04	-7.613791967742145061e-04	8.257750305347144604e-04
4.550802987068891525e-05	-2.098827972076833248e-04	4.182398319244384766e-02	8.365672547370195389e-04	-8.190416847355663776e-04
1.483356347307562828e-03	7.894376758486032486e-04	9.489298099651932716e-04	-5.568878259509801865e-05	5.998499109409749508e-04
-7.172411424107849598e-04	6.949045346118509769e-04	-3.969047684222459793e-04	-1.496255863457918167e-04	-2.691895642783492804e-04
7.026770617812871933e-04	1.014159061014652252e-03	1.616290304809808731e-03	-1.289622159674763680e-03	2.314735203981399536e-03
-1.444047549739480019e-03	-2.185541961807757616e-04	1.219021249562501907e-02	1.134165795519948006e-03	1.627936144359409809e-03
3.689733566716313362e-04	-3.374811494722962379e-04	1.289331819862127304e-03	4.897671169601380825e-04	6.111798807978630066e-02
1.346208387985825539e-03	5.672379047609865665e-04	3.139981534332036972e-03	1.152856508269906044e-03	1.436516504327300936e-05
-5.079392576590180397e-04	4.590226453728973866e-04	3.388720215298235416e-04	-8.677365258336067200e-06	-2.192317333538085222e-04
-4.765139601659029722e-04	-8.588434429839253426e-04	4.253802471794188023e-04	-1.391777885146439075e-03	-1.000012736767530441e-03
1.802188635338097811e-04	1.386367948725819588e-03	7.699127309024333954e-05	4.141434328630566597e-04	-2.963783626910299063e-04
-2.242053031921386719e+00	-7.283699815161526203e-04	-1.542384177446365356e-01	2.654966339468955994e-02	3.379556874278932810e-04
2.257714280858635902e-03	-8.061755215749144554e-04	-1.971225137822329998e-04	-1.322151510976254940e-04	2.078509423881769180e-04
2.473829372320324183e-04	-4.102104576304554939e-04	1.016723457723855972e-03	-9.408433688804507256e-04	5.470871110446751118e-04
7.745021721348166466e-04	-6.278241053223609924e-04	1.019986695609986782e-03	-2.214438864029943943e-04	1.261747907847166061e-03
5.880087264813482761e-04	-6.238781497813761234e-04	-8.226864156313240528e-05	6.553869461640715599e-04	1.878328174352645874e-01
-1.262105070054531097e-05	1.553392270579934120e-03	-9.515869896858930588e-05	-2.586445771157741547e-05	-2.141375443898141384e-04
3.436946717556566000e-04	1.365128159523010254e-02	-4.951665177941322327e-04	1.114017814397811890e-01	8.878216147422790527e-03
8.994676172733306885e-04	3.139392647426575422e-04	1.365137170068919659e-03	-2.827277348842471838e-04	1.429316122084856033e-03
-7.661762065254151821e-04	-4.588399827480316162e-02	-3.598546087741851807e-01	2.903774729929864407e-04	-2.023498818743973970e-04
-8.028544252738356590e-04	-7.009764667600393295e-04	-5.419914959929883480e-04	-7.676811655983328819e-04	1.601214753463864326e-03
-1.725758193060755730e-04	-5.869637243449687958e-04	1.921253278851509094e-03	5.660150782205164433e-04	-7.355527952313423157e-03
1.885689795017242432e-03	2.378608915023505688e-04	6.908766808919608593e-04	3.068652004003524780e-04	-4.662924329750239849e-04
-1.429916825145483017e-03	5.269994726404547691e-04	7.622260600328445435e-04	5.670309183187782764e-04	-4.824323114007711411e-04
-1.178656937554478645e-03	-7.713756058365106583e-04	3.028748906217515469e-04	9.801140986382961273e-04	4.111910820938646793e-04
1.455516321584582329e-03	-7.026702514849603176e-04	-4.606766253709793091e-02	-1.100477501749992371e-01	5.239880830049514771e-02
3.155511803925037384e-04	1.037854352034628391e-03	9.036071132868528366e-04	1.467484980821609497e-04	1.298773568123579025e-04
-2.863535191863775253e-04	7.131499587558209896e-04	9.591140551492571831e-04	3.346307203173637390e-04	7.140272646211087704e-05
6.812124252319335938e-01	1.270734646823257208e-04	-1.110896747559309006e-02	1.697930623777210712e-03	-1.032377183437347412e-01
2.675151336006820202e-04	1.543870894238352776e-04	-7.673981599509716034e-05	1.408432290190830827e-04	1.170263567473739386e-04
2.760670904535800219e-04	1.532860333099961281e-03	3.405274823307991028e-02	1.721562002785503864e-03	4.218487883917987347e-04
-1.058881869539618492e-03	2.881627879105508327e-04	-5.980890127830207348e-04	-2.476878580637276173e-04	-2.753335284069180489e-04
3.863422632217407227e+00	-1.600289135240018368e-03	-2.391308778896927834e-03	3.645253018476068974e-04	-7.052044570446014404e-02
-2.601950545795261860e-04	-2.525537565816193819e-04	-5.742240464314818382e-04	1.668725395575165749e-03	-6.100542959757149220e-04
4.561544628813862801e-04	-1.776864053681492805e-03	-2.061277395114302635e-03	5.679771420545876026e-04	-1.785801956430077553e-03
8.994676172733306885e-04	-1.826185733079910278e-03	-6.946860812604427338e-04	-3.463861648924648762e-04	4.856238374486565590e-04
-1.086253285408020020e+00	-2.133757574483752251e-03	-1.386985927820205688e-01	4.275157116353511810e-04	-2.629107609391212463e-02
2.016671933233737946e-04	2.210124395787715912e-03	-5.063391290605068207e-05	1.080631860531866550e-03	3.435462713241577148e-04
3.269463777542114258e-04	-8.214060217142105103e-04	1.496669428888708353e-04	2.128146297764033079e-04	9.270017035305500031e-04
4.663475265260785818e-04	4.913061857223510742e-04	4.178994859103113413e-04	2.574375364929437637e-03	1.197841949760913849e-03
3.672859165817499161e-04	9.751572506502270699e-04	-2.407705178484320641e-03	1.765899127349257469e-03	4.729957506060600281e-02
-2.306576934643089771e-04	5.126954056322574615e-04	-7.596398936584591866e-04	-8.979820995591580868e-04	3.021725860890001059e-04
-3.744710120372474194e-04	-1.025306526571512222e-03	3.761892730835825205e-04	3.415948012843728065e-04	8.710061665624380112e-04
2.046015579253435135e-03	-1.134234108030796051e-02	2.467589918524026871e-03	-6.193530559539794922e-02	-5.581217631697654724e-02
-6.172543508000671864e-04	7.174196070991456509e-06	6.415866082534193993e-04	2.842376998160034418e-04	-4.736037517432123423e-04
-4.834579885937273502e-04	-2.202874608337879181e-02	-1.759626320563256741e-04	-6.665704422630369663e-04	-1.937201013788580894e-03
-2.812496619299054146e-03	-1.326860976405441761e-03	3.311631153337657452e-04	1.273257075808942318e-03	-1.836707699112594128e-03
-3.024813253432512283e-03	3.445278154686093330e-03	9.969290345907211304e-02	3.206840157508850098e-02	-2.144334575859829783e-04
1.183632994070649147e-04	-2.312757424078881741e-04	1.314455177634954453e-03	1.168507034890353680e-03	1.743078464642167091e-03
4.721420700661838055e-04	-1.028022021055221558e-01	8.486799779348075390e-04	-1.364534487947821617e-03	-1.784963067620992661e-03
6.870774086564779282e-05	-5.271806730888783932e-05	-6.791261257603764534e-04	5.247871158644556999e-04	1.193912583403289318e-03
-6.530579994432628155e-04	3.207215631846338511e-04	-6.003493326716125011e-04	-9.224317036569118500e-04	-5.694543942809104919e-04
4.550802987068891525e-05	-1.231737551279366016e-04	6.899323780089616776e-04	1.155689125880599022e-03	3.772920463234186172e-04
-7.661762065254151821e-04	1.156971454620361328e-01	1.024972274899482727e-01	-3.742985427379608154e-05	-8.301344932988286018e-04
2.016671933233737946e-04	8.667040383443236351e-04	-2.674708375707268715e-04	-2.399661461822688580e-04	8.777183247730135918e-04
-2.620198011398315430e+00	8.784246444702148438e-02	1.755911111831665039e-01	1.409724056720733643e-01	3.670621514320373535e-01
1.003253506496548653e-03	-4.284910974092781544e-04	4.625453730113804340e-04	1.231141272000968456e-03	8.521810523234307766e-04
1.347674260614439845e-04	-5.050269537605345249e-04	-7.531099254265427589e-04	2.946521854028105736e-04	6.034609396010637283e-04
5.561492871493101120e-04	-4.488450940698385239e-05	-1.061515940818935633e-04	1.282226741313934326e-01	-1.264847218990325928e-01
-1.211697526741772890e-04	-1.618752954527735710e-03	-1.456446480005979538e-04	-2.764967211987823248e-04	4.915771423839032650e-04
-1.424135873094201088e-03	2.144638914614915848e-03	-3.328091988805681467e-04	6.211301661096513271e-04	3.703378315549343824e-04
-6.066070636734366417e-05	2.797378692775964737e-04	7.876644376665353775e-04	9.095928631722927094e-03	-9.922138415277004242e-04
-2.571213990449905396e-04	-8.824527030810713768e-04	-3.566833329387009144e-04	9.146595839411020279e-04	2.203222364187240601e-03
5.577504634857177734e-05	8.548046462237834930e-04	9.131871047429740429e-05	-2.290450269356369972e-03	2.549488854128867388e-04
1.587494160048663616e-03	-2.830031444318592548e-04	-1.049937418429180980e-04	-1.465424429625272751e-05	-6.967507652007043362e-04
5.597647395916283131e-04	4.200522962491959333e-04	3.116627340205013752e-04	2.009068615734577179e-03	-1.106409006752073765e-03
2.427906147204339504e-04	-4.614913777913898230e-04	-7.908092229627072811e-04	-3.110683173872530460e-04	6.393260555341839790e-04
-2.827661228366196156e-04	3.208694979548454285e-04	3.340580733492970467e-04	6.395762320607900620e-04	-2.856633800547569990e-04
3.812815411947667599e-04	-2.725812373682856560e-04	-2.667972003109753132e-04	9.220581850968301296e-04	-2.405205013928934932e-04
-9.710769518278539181e-05	2.921708510257303715e-04	-5.385683034546673298e-04	-8.176995906978845596e-04	6.358368555083870888e-04
1.483356347307562828e-03	-4.348697839304804802e-04	2.196693239966407418e-04	-1.273434318136423826e-04	-1.339073642157018185e-03
-8.028544252738356590e-04	-1.161738764494657516e-04	1.823059748858213425e-03	-2.136156399501487613e-05	-8.945594308897852898e-04
3.269463777542114258e-04	2.077869721688330173e-04	-1.394564984366297722e-03	-5.186859052628278732e-04	-3.956808359362185001e-04
1.003253506496548653e-03	-1.474843593314290047e-04	-1.691867946647107601e-04	2.074367832392454147e-03	5.987404729239642620e-04
-4.062572002410888672e+00	-1.400790084153413773e-02	1.376385334879159927e-02	6.187030673027038574e-02	1.111911423504352570e-02
