3.137452006340026855e-01	-7.220584666356444359e-05	4.220697737764567137e-04	1.003658631816506386e-03	-1.462187967263162136e-03
2.270097970962524414e+00	-2.213472686707973480e-02	-8.024887938518077135e-05	-4.038903280161321163e-04	-8.297328604385256767e-04
-6.238729134202003479e-02	-3.635960456449538469e-04	1.840444747358560562e-04	4.794232372660189867e-04	1.203006599098443985e-02
-5.457219231175258756e-05	-2.703644335269927979e-02	-1.431392447557300329e-04	5.044641718268394470e-02	-6.732525071129202843e-05
4.801132599823176861e-04	-1.270395889878273010e-02	1.658003404736518860e-02	4.407126398291438818e-04	3.282382967881858349e-04
8.889832533895969391e-04	-3.235583305358886719e-01	1.415693201124668121e-02	2.596920821815729141e-04	4.600119718816131353e-04
-1.379780471324920654e-01	2.343062078580260277e-04	9.185390174388885498e-02	1.648285979172214866e-04	9.751426987349987030e-04
5.922277271747589111e-02	-5.199382081627845764e-02	-7.236420642584562302e-04	-1.912547647953033447e-02	-1.922297960845753551e-04
-3.787928819656372070e-01	2.489419281482696533e-02	4.625758156180381775e-02	-1.123428810387849808e-04	1.169156981632113457e-03
-1.270368993282318115e-01	9.545295685529708862e-02	1.909166108816862106e-03	-1.346432836726307869e-04	-2.290927805006504059e-03
-5.806194385513663292e-04	5.309371626935899258e-04	8.732643723487854004e-02	1.124027767218649387e-03	6.665388355031609535e-05
6.541177034378051758e-01	-1.160015687346458435e-01	1.065054014325141907e-01	6.673536845482885838e-04	-9.158625453710556030e-02
-8.361666798591613770e-01	-8.549493213649839163e-05	2.461928525008261204e-04	-6.615350395441055298e-02	-1.202372740954160690e-02
-4.621806438080966473e-04	-8.006420731544494629e-02	5.864338600076735020e-04	4.888945841230452061e-05	3.365209558978676796e-04
-8.546081930398941040e-02	-4.621034264564514160e-01	-1.362717598676681519e-01	2.792467474937438965e-01	9.688907265663146973e-01
4.560564458370208740e-01	-2.151440421584993601e-04	-1.728098868625238538e-04	4.679347330238670111e-04	4.669477045536041260e-02
-5.545419408008456230e-04	5.518772522918879986e-04	-4.752159863710403442e-02	3.220948565285652876e-05	1.935955515364184976e-04
-8.210372179746627808e-03	-5.141441226005554199e-01	1.248257234692573547e-01	2.300594300031661987e-01	-4.835559520870447159e-04
2.270097970962524414e+00	-1.229043817147612572e-03	-1.200148835778236389e-01	7.410456985235214233e-02	5.519015714526176453e-02
-3.163588698953390121e-04	-6.689446745440363884e-04	-2.125570754287764430e-04	7.338058203458786011e-02	-8.184230327606201172e-02
4.786806530319154263e-04	3.257867865613661706e-05	2.293191850185394287e-02	5.861930251121520996e-01	-1.695955358445644379e-02
2.208533883094787598e-01	1.028047699946910143e-04	-6.297339568845927715e-04	-6.259553879499435425e-02	1.503159664571285248e-02
-1.368544697761535645e-01	3.091690838336944580e-01	-5.393986357375979424e-04	-1.769485831260681152e+00	-2.018599212169647217e-01
4.006086965091526508e-04	-1.453505828976631165e-03	5.853355396538972855e-04	-6.895914673805236816e-02	-1.171530857682228088e-01
5.408291146159172058e-02	6.107968091964721680e-02	-5.499949329532682896e-04	4.990521119907498360e-06	-6.777086528018116951e-04
-8.278219103813171387e-01	-2.954453520942479372e-05	-3.006233600899577141e-04	-1.554639748064801097e-04	1.187277812277898192e-04
-7.547109853476285934e-04	-8.398772217333316803e-03	-1.759212650358676910e-02	1.120211964007467031e-04	-7.266158610582351685e-02
-1.260451826965436339e-04	5.939293187111616135e-04	-4.759767034556716681e-04	-1.089166180463507771e-04	-3.283808473497629166e-05
-6.039312575012445450e-05	-1.573430895805358887e-01	-4.190899489913135767e-04	-5.436338856816291809e-02	3.211152553558349609e-02
-1.298208475112915039e+00	1.384981870651245117e-01	-5.041652184445410967e-05	6.561466725543141365e-04	1.886783838272094727e-01
5.724230408668518066e-02	1.461234688758850098e-02	1.611235493328422308e-04	8.813411113806068897e-06	-2.107229083776473999e-02
-2.032585616689175367e-04	1.331914245383813977e-04	-1.488027191953733563e-05	-1.645606243982911110e-04	-6.018867716193199158e-04
3.051070380024611950e-04	-9.841563587542623281e-05	-6.732225883752107620e-03	-1.609467267990112305e-01	-2.411661855876445770e-02
-6.224081153050065041e-04	-7.288422784768044949e-05	1.890557032311335206e-04	-1.209992115036584437e-04	-5.491557344794273376e-02
4.117913194932043552e-04	1.796742435544729233e-04	7.638770330231636763e-05	2.105916291475296021e-02	-5.001920726499520242e-06
2.834976476151496172e-05	3.290196955204010010e-01	2.223408664576709270e-04	-4.687886834144592285e-01	5.032737553119659424e-02
-6.238729134202003479e-02	2.306485257577151060e-04	-4.577659419737756252e-04	2.616110444068908691e-02	8.555183187127113342e-03
4.786806530319154263e-04	1.052070129662752151e-02	9.911297820508480072e-03	4.312072996981441975e-05	5.900886026211082935e-05
-3.071394443511962891e+00	-3.779600956477224827e-04	1.909354142844676971e-02	9.064392361324280500e-05	2.191426756326109171e-04
-4.552500613499432802e-04	-1.457307487726211548e-02	4.990605637431144714e-03	7.196640362963080406e-04	-4.014786100015044212e-06
7.426568120718002319e-02	-7.164611667394638062e-02	-1.423570211045444012e-04	-8.538567926734685898e-04	6.511126994155347347e-04
5.614580004476010799e-05	-6.736614159308373928e-05	9.843225032091140747e-02	1.148007460869848728e-03	6.204338744282722473e-03
4.098524223081767559e-04	4.341631010174751282e-02	8.320686756633222103e-04	2.996537659782916307e-04	8.666647598147392273e-03
1.577317016199231148e-04	4.420625045895576477e-04	-5.033341422677040100e-02	-4.055041819810867310e-02	-5.808297428302466869e-04
-5.677899718284606934e-02	-7.195740938186645508e-02	3.137991589028388262e-04	-1.793657778762280941e-03	-7.056655595079064369e-04
7.892595021985471249e-05	1.434533769497647882e-04	1.333609875291585922e-02	2.147304621757939458e-04	-1.049193553626537323e-02
-9.941465687006711960e-04	2.947216853499412537e-04	9.643287921790033579e-05	3.844686225056648254e-02	-2.640787512063980103e-02
1.761155575513839722e-01	8.783191151451319456e-05	1.000887900590896606e-02	4.809870733879506588e-05	-2.482078038156032562e-02
4.503245145315304399e-05	-1.753394491970539093e-02	-1.650087360758334398e-04	4.193635284900665283e-02	5.349622806534171104e-04
4.158692806959152222e-02	-1.612447202205657959e-02	-1.854303032159805298e-01	9.062382741831243038e-05	-8.342899673152714968e-05
2.349459828110411763e-04	-1.062075491063296795e-03	5.203825235366821289e-01	7.031836360692977905e-02	1.084235403686761856e-02
2.532877326011657715e-01	-3.080099076032638550e-02	4.611858166754245758e-04	-4.096622578799724579e-04	-1.032814942300319672e-02
1.486074470449239016e-04	-6.322516500949859619e-02	7.380753231700509787e-05	-2.051387127721682191e-04	3.914117405656725168e-05
9.977392619475722313e-05	3.665484860539436340e-02	9.143284405581653118e-04	1.845800870796665549e-04	-1.021830085664987564e-02
-5.457219231175258756e-05	2.393608912825584412e-02	-2.477937960065901279e-05	6.999216973781585693e-02	1.033288091421127319e-01
2.208533883094787598e-01	1.233356306329369545e-04	9.521311149001121521e-03	1.129255397245287895e-04	-2.619260631036013365e-04
-4.552500613499432802e-04	-9.581971971783787012e-05	2.262739231809973717e-03	-8.401221781969070435e-02	-1.489543616771697998e-01
-1.527860045433044434e+00	-7.195081707322970033e-06	-1.555089950561523438e-01	6.433054222725331783e-04	1.902336254715919495e-02
9.145346120931208134e-04	-3.363748546689748764e-04	7.830462604761123657e-02	9.008907363750040531e-05	-1.162266209721565247e-01
3.861214593052864075e-02	-1.277875620871782303e-02	-9.957151859998703003e-02	-3.423576802015304565e-02	-4.332615435123443604e-01
-4.624336957931518555e-01	3.074148204177618027e-03	-9.710502624511718750e-02	-3.339239209890365601e-02	2.123530721291899681e-04
-4.937100410461425781e-02	2.325504571199417114e-01	-1.178564998554065824e-04	2.356608310947194695e-04	1.148693845607340336e-04
2.163319103419780731e-02	2.394520118832588196e-02	1.711634104140102863e-05	-4.639000445604324341e-02	-2.492992021143436432e-02
1.550324668642133474e-04	-3.500112146139144897e-02	-1.438686740584671497e-04	7.306789048016071320e-04	-9.591506095603108406e-04
1.649367809295654297e-02	1.467653810977935791e-01	1.361251529306173325e-02	1.262083947658538818e-01	-4.507406949996948242e-01
-2.668937444686889648e-01	-2.297828346490859985e-02	-9.568068385124206543e-02	-8.843641728162765503e-03	3.450844883918762207e-01
3.409487835597246885e-04	-3.994276630692183971e-04	1.260198041563853621e-04	-4.259013221599161625e-04	1.285515463678166270e-05
3.917102585546672344e-04	8.935988298617303371e-04	3.272098675370216370e-02	3.444107472896575928e-01	2.541478024795651436e-03
9.924267942551523447e-05	-1.363074779510498047e-02	-2.869786112569272518e-05	-3.000755608081817627e-02	-4.292192682623863220e-02
-2.675632834434509277e-01	1.015758588910102844e-01	-1.512187300249934196e-04	2.287537558004260063e-03	5.654566339217126369e-04
2.166919875890016556e-05	-4.797602593898773193e-01	2.096348907798528671e-07	-3.679514629766345024e-03	1.949502229690551758e+00
-4.707372281700372696e-03	-6.217194721102714539e-03	-1.250773370265960693e-01	5.691943168640136719e-01	-1.698152773315086961e-04
4.801132599823176861e-04	8.670717943459749222e-05	-2.692341513466089964e-05	-5.069421022199094296e-04	-1.094626961275935173e-03
-1.368544697761535645e-01	-2.001160196959972382e-02	-6.847607437521219254e-03	-5.409242003224790096e-04	4.098038747906684875e-02
7.426568120718002319e-02	7.595569331897422671e-05	1.880331838037818670e-04	-4.576985724270343781e-03	7.627771701663732529e-03
9.145346120931208134e-04	-9.831035882234573364e-02	-5.843639955855906010e-04	-3.739735984709113836e-05	-7.354808622039854527e-05
-2.404333591461181641e+00	1.134417252615094185e-03	3.560166805982589722e-05	-5.820666998624801636e-02	-1.362233161926269531e-01
5.314351292327046394e-04	-1.523174287285655737e-04	8.795207738876342773e-02	-7.107794517651200294e-04	1.917689666152000427e-02
9.761319961398839951e-04	-3.537181764841079712e-02	-5.896581569686532021e-07	-3.608621889725327492e-03	-9.265702101401984692e-05
-1.995944827795028687e-01	-3.904240438714623451e-04	1.830613327911123633e-04	-3.401557356119155884e-02	-1.277690753340721130e-04
3.927888274192810059e-01	-2.599266590550541878e-04	6.651080184383317828e-05	1.440123305656015873e-04	3.480134473647922277e-04
-4.859713662881404161e-04	-4.967438057065010071e-03	4.940586222801357508e-05	3.248037025332450867e-02	3.457613289356231689e-02
-2.015184436459094286e-04	6.469665467739105225e-02	-2.449508174322545528e-04	-1.864347723312675953e-05	2.541227149777114391e-04
-5.620000883936882019e-04	7.749833457637578249e-05	-1.412619894836097956e-05	-9.320847690105438232e-03	2.167043834924697876e-02
-6.772395968437194824e-01	-3.187241090927273035e-04	-4.501051828265190125e-02	-2.126626786775887012e-04	-5.017987266182899475e-02
-1.905536919366568327e-07	7.408281089738011360e-05	-2.199952141381800175e-04	-1.956509985029697418e-02	1.079455250874161720e-03
-2.666996442712843418e-05	1.572073786519467831e-03	2.942264638841152191e-02	-3.179248422384262085e-02	-2.589352801442146301e-02
-7.837712168693542480e-01	-6.659335456788539886e-03	-6.174100935459136963e-02	4.552452810457907617e-05	-1.117747183889150620e-02
-6.870301067829132080e-02	9.461010992527008057e-02	3.028024546802043915e-02	5.519707920029759407e-04	9.306810051202774048e-02
1.807713031768798828e+00	7.043332606554031372e-02	-2.594891993794590235e-04	8.609323203563690186e-02	2.474416792392730713e-02
8.889832533895969391e-04	-4.363647401332855225e-01	-8.705547451972961426e-02	-2.508929669857025146e-01	-4.367014626041054726e-04
4.006086965091526508e-04	1.728102943161502481e-04	-5.935821682214736938e-03	-7.587914296891540289e-06	3.357065434101969004e-04
5.614580004476010799e-05	-5.825833231210708618e-02	3.543845959939062595e-04	-3.555995936039835215e-04	2.477988973259925842e-02
3.861214593052864075e-02	3.285161033272743225e-02	5.493717193603515625e-01	5.088485404849052429e-02	-2.802288159728050232e-02
5.314351292327046394e-04	-1.721120476722717285e-01	-5.439144372940063477e-01	3.572690766304731369e-04	2.647800720296800137e-04
-3.268439471721649170e-01	3.172373771667480469e-01	-1.391016840934753418e-01	4.516018554568290710e-02	4.206184530630707741e-05
-3.727904986590147018e-04	-9.903500787913799286e-03	-1.073323786258697510e-01	1.950384117662906647e-02	-9.935204434441402555e-05
-5.275959968566894531e-01	-5.508735775947570801e-01	-1.217824742197990417e-01	2.906719164457172155e-04	2.318102866411209106e-02
-9.250816702842712402e-01	3.489658702164888382e-04	4.700193405151367188e-01	6.891518569318577647e-05	6.295725703239440918e-02
1.934552565217018127e-04	-8.373026503250002861e-04	-1.070201955735683441e-02	3.245496191084384918e-04	-1.808778499253094196e-03
5.405761003494262695e-01	-1.579301059246063232e-02	-4.555165651254355907e-04	2.967628091573715210e-02	2.553657977841794491e-04
2.204451560974121094e-01	-7.944670505821704865e-05	-6.501890420913696289e-01	-1.753526739776134491e-04	6.782677024602890015e-02
8.707261830568313599e-02	1.997292786836624146e-02	1.875854581594467163e-01	-2.347271074540913105e-04	1.715370267629623413e-01
4.343044012784957886e-02	2.236546715721487999e-04	-8.229685772676020861e-05	-2.092291106237098575e-05	1.616727910004556179e-03
1.175296753644943237e-01	1.065357178449630737e-01	1.505404710769653320e-01	-3.611912727355957031e-01	3.953112065792083740e-01
-1.486665308475494385e-01	-4.523423849605023861e-04	2.757588634267449379e-03	-2.673615235835313797e-04	2.175925328629091382e-04
-9.749191999435424805e-01	5.397874712944030762e-01	1.883226796053349972e-04	-2.418839139863848686e-04	1.293281326070427895e-03
1.514962990768253803e-03	-5.254601128399372101e-04	-4.961828589439392090e-01	-4.214372602291405201e-04	1.330343511654064059e-04
-1.379780471324920654e-01	-7.160265743732452393e-02	-9.118340676650404930e-04	-2.587659284472465515e-02	-1.024549274006858468e-04
5.408291146159172058e-02	8.610794320702552795e-04	1.520597655326128006e-02	9.435473475605249405e-04	1.553334146738052368e-01
4.098524223081767559e-04	-3.755993675440549850e-04	-2.797964029014110565e-02	2.241776511073112488e-02	2.500594221055507660e-02
-4.624336957931518555e-01	8.998636621981859207e-05	-3.094580769538879395e-01	1.629499020054936409e-04	-4.001675406470894814e-04
9.761319961398839951e-04	9.244967103004455566e-01	-1.746154885040596128e-05	-1.158132031559944153e-01	-2.111192978918552399e-02
-3.727904986590147018e-04	3.627144098281860352e-01	-2.823041286319494247e-04	-7.297327829292044044e-05	-1.068669807864353061e-04
-2.796511888504028320e+00	-1.464936794945970178e-04	4.633661359548568726e-02	-1.920956373214721680e-02	8.631862699985504150e-03
6.226003170013427734e-04	2.216702414443716407e-04	2.734560146927833557e-02	1.676870015216991305e-04	2.971937647089362144e-06
3.595343530178070068e-01	-7.007074600551277399e-05	-2.382220933213829994e-03	-2.732653869315981865e-03	4.854319558944553137e-05
-3.061284951400011778e-04	1.122871413826942444e-02	3.476127982139587402e-01	-8.995961397886276245e-03	5.060338973999023438e-02
-1.020616968162357807e-03	7.837981684133410454e-04	-7.766577601432800293e-02	-2.555385790765285492e-02	3.447148948907852173e-02
2.050748839974403381e-02	3.390637040138244629e-01	5.452088080346584320e-03	-6.664201617240905762e-03	8.858860237523913383e-04
1.851128996349871159e-03	-1.273684352636337280e-01	-1.543224498163908720e-04	-6.879419670440256596e-04	2.345597557723522186e-02
-7.859153300523757935e-02	3.805909364018589258e-05	9.147173841483891010e-05	8.716004667803645134e-04	-1.069145370274782181e-02
-3.321485710330307484e-04	4.511890932917594910e-02	-2.796938933897763491e-04	6.069580558687448502e-03	-7.829381502233445644e-06
7.721584552200511098e-05	2.265064977109432220e-04	-1.674534723861142993e-04	-4.475713940337300301e-04	1.899913186207413673e-03
9.800112457014620304e-05	6.394408410415053368e-04	1.880371011793613434e-03	-1.910032588057219982e-04	-5.126940011978149414e-01
1.471983123337849975e-04	6.601833105087280273e-01	-2.316531899850815535e-04	-4.863326251506805420e-01	1.153082819655537605e-03
5.922277271747589111e-02	8.601058507338166237e-04	1.216246600961312652e-04	-6.292708567343652248e-04	-7.575175166130065918e-02
-8.278219103813171387e-01	-4.159093077760189772e-05	-3.797770477831363678e-05	3.069843805860728025e-04	-9.665354155004024506e-04
1.577317016199231148e-04	-9.045035392045974731e-02	1.291662082076072693e-02	-8.175268024206161499e-02	4.597961902618408203e-01
-4.937100410461425781e-02	2.012245357036590576e-02	-2.341610379517078400e-04	6.940707680769264698e-05	9.450665861368179321e-02
-1.995944827795028687e-01	-5.719253793358802795e-02	-7.655509281903505325e-03	-1.135257189162075520e-04	-3.088861412834376097e-04
-5.275959968566894531e-01	7.595728675369173288e-06	2.867188537493348122e-03	3.449026553425937891e-04	-9.316262730862945318e-05
6.226003170013427734e-04	-1.045193639583885670e-04	9.795174002647399902e-02	2.028791699558496475e-03	-4.363629221916198730e-02
-5.696551203727722168e-01	-4.528820281848311424e-04	2.740907669067382812e-01	5.901895090937614441e-02	-1.129768136888742447e-02
-1.075484542525373399e-04	-2.471452462486922741e-04	-2.916018129326403141e-04	-6.316402554512023926e-02	1.726070493459701538e-01
5.064593553543090820e-01	-1.379563473165035248e-04	-8.631797973066568375e-04	-6.921765452716499567e-05	6.099441670812666416e-04
1.914289532578550279e-05	-7.709237933158874512e-02	1.472526602447032928e-02	4.805226053576916456e-04	-1.785667336662299931e-05
1.065375981852412224e-04	6.362458318471908569e-02	-5.257843732833862305e-01	-4.256236553192138672e-02	8.997348777484148741e-05
-2.004333019256591797e+00	6.232276558876037598e-01	5.244665741920471191e-01	4.277098476886749268e-01	2.923280699178576469e-04
-2.152794477296993136e-04	2.455569920130074024e-04	1.876234600786119699e-04	-1.558559713885188103e-03	-4.510628059506416321e-02
-7.744982838630676270e-02	1.011608401313424110e-05	-4.197570085525512695e-01	-7.408962846966460347e-05	1.891715801320970058e-04
3.376151248812675476e-02	-9.760265350341796875e-01	1.855260343290865421e-04	-3.767208158969879150e-01	1.186550362035632133e-04
4.286515759304165840e-04	1.784880005288869143e-04	1.801026373868808150e-04	8.165930048562586308e-04	-2.324025554116815329e-04
-6.480609881691634655e-04	-2.160321325063705444e-01	-3.542585298418998718e-02	-3.679279470816254616e-04	-4.098118841648101807e-02
-3.787928819656372070e-01	1.095997358788736165e-04	7.100178394466638565e-03	3.918526053894311190e-04	-4.503806412685662508e-04
-7.547109853476285934e-04	2.236230066046118736e-03	3.040482697542756796e-04	-1.271490752696990967e-01	2.052107825875282288e-02
-5.677899718284606934e-02	-2.903894637711346149e-04	-4.231880302540957928e-05	2.920015752315521240e-01	-5.699189305305480957e-01
2.163319103419780731e-02	7.121878443285822868e-04	-3.977788984775543213e-01	-1.344709098339080811e-02	-3.680339141283184290e-04
3.927888274192810059e-01	1.062761148205026984e-04	3.740761894732713699e-04	8.397863712161779404e-04	-4.399880417622625828e-04
-9.250816702842712402e-01	-1.928186102304607630e-04	-5.822600214742124081e-04	5.261367186903953552e-02	4.341022074222564697e-01
3.595343530178070068e-01	-4.847810778301209211e-04	-3.366792516317218542e-04	-1.905242825159803033e-04	-1.652465015649795532e-02
-1.075484542525373399e-04	1.036717593669891357e-01	3.904235200025141239e-05	-2.603945322334766388e-04	-1.004756689071655273e-01
-7.530349493026733398e-01	1.640762202441692352e-02	-8.796714991331100464e-02	4.398662422318011522e-04	-2.245590277016162872e-02
-3.604250848293304443e-01	-2.811881131492555141e-04	1.117840688675642014e-02	-7.447768584825098515e-04	1.939018984558060765e-04
-4.135675728321075439e-01	-1.274299924261868000e-03	-9.516243007965385914e-04	-6.074507255107164383e-04	3.698213994503021240e-01
-5.067145824432373047e-01	4.034728184342384338e-02	2.455809712409973145e-02	7.136890781112015247e-04	-6.815627217292785645e-02
7.542736083269119263e-02	7.361622154712677002e-02	2.092578506562858820e-04	5.125366733409464359e-04	-8.484278805553913116e-05
-6.257207132875919342e-06	-2.640394726768136024e-03	4.924301756545901299e-04	3.815299598500132561e-03	3.904007971286773682e-01
7.036375463940203190e-04	-9.262320399284362793e-01	3.161850909236818552e-04	9.636278264224529266e-06	5.504503496922552586e-04
-2.375391870737075806e-01	2.652228286024183035e-04	7.025796454399824142e-03	4.809268284589052200e-05	1.610563509166240692e-02
7.498668855987489223e-05	-3.240608870983123779e-01	2.251187805086374283e-03	-1.533495233161374927e-04	-2.438032242935150862e-05
1.181209087371826172e+00	3.004604876041412354e-01	-4.351876268628984690e-04	-3.338655084371566772e-02	-8.394832909107208252e-02
-1.270368993282318115e-01	1.274129725061357021e-03	5.017468356527388096e-05	-3.323642164468765259e-02	-1.280470788478851318e-01
-1.260451826965436339e-04	-2.350664144614711404e-04	-2.979642152786254883e-02	6.009850651025772095e-02	2.755538735073059797e-04
7.892595021985471249e-05	4.712155496235936880e-04	-1.949243596754968166e-04	5.929634789936244488e-05	7.819358706474304199e-01
1.550324668642133474e-04	-1.678424328565597534e-01	-2.767972764559090137e-04	-5.313726887106895447e-02	4.272849112749099731e-02
-4.859713662881404161e-04	-1.222039427375420928e-04	7.156102359294891357e-02	2.162096643587574363e-05	-1.350250968243926764e-04
1.934552565217018127e-04	2.955435484182089567e-04	-2.818883862346410751e-03	-6.080371094867587090e-04	1.103475317358970642e-01
-3.061284951400011778e-04	1.602263946551829576e-04	1.669676788151264191e-02	3.546810330590233207e-05	-2.346989233046770096e-03
5.064593553543090820e-01	2.222543116658926010e-03	-1.217451208503916860e-04	-2.806877251714468002e-03	-1.737963408231735229e-02
-3.604250848293304443e-01	-1.835666447877883911e-01	-1.543489197501912713e-04	-1.059519592672586441e-02	8.434270275756716728e-04
-2.562502384185791016e+00	-2.134625762701034546e-01	-2.405397826805710793e-04	8.708234876394271851e-02	-3.991790290456265211e-04
-9.091340005397796631e-02	-4.811812192201614380e-02	-8.202476799488067627e-02	-5.115624144673347473e-02	-4.686404950916767120e-03
-1.088789224624633789e+00	3.604827821254730225e-02	3.079732134938240051e-02	-3.486961498856544495e-02	2.717635035514831543e-01
-3.173319697380065918e-01	6.960803270339965820e-02	-1.021478138864040375e-02	8.742685895413160324e-05	-1.946691772900521755e-04
-5.679361149668693542e-02	-1.890789531171321869e-02	-9.991421829909086227e-04	1.530178706161677837e-04	-2.831996083259582520e-01
3.275431517977267504e-04	1.276911497116088867e+00	-3.160336636938154697e-04	-7.360295206308364868e-02	1.419108510017395020e-01
-8.369577676057815552e-02	1.126662464230321348e-04	1.991738972719758749e-04	5.595537647604942322e-02	6.713543552905321121e-05
2.281150373164564371e-04	-2.628387301228940487e-05	3.504041815176606178e-04	-1.564557314850389957e-04	-1.350906398147344589e-02
9.719312656670808792e-04	-5.033522757003083825e-05	-2.245527692139148712e-03	1.580982061568647623e-04	-2.707644016481935978e-04
-5.806194385513663292e-04	1.734570041298866272e-02	-4.603221896104514599e-05	-5.251563925412483513e-05	-2.972427196800708771e-02
-6.039312575012445450e-05	-4.761219315696507692e-04	-2.176111593144014478e-04	-2.139865246135741472e-04	-9.096926078200340271e-05
-9.941465687006711960e-04	4.063458181917667389e-03	1.758349942974746227e-03	-4.646989982575178146e-04	1.513049006462097168e-02
1.649367809295654297e-02	-2.688539971131831408e-04	1.269302738364785910e-04	4.690732166636735201e-04	2.912510884925723076e-03
-2.015184436459094286e-04	1.298702845815569162e-04	-4.911770578473806381e-03	-4.910063580609858036e-05	9.480362385511398315e-02
5.405761003494262695e-01	-5.946689052507281303e-04	-4.304145113565027714e-04	4.186401783954352140e-04	1.510418078396469355e-04
-1.020616968162357807e-03	1.019787159748375416e-03	-3.181295469403266907e-02	-2.239490626379847527e-03	4.727672785520553589e-04
1.914289532578550279e-05	-9.632958099246025085e-04	-4.741712659597396851e-02	-3.333045402541756630e-03	4.837819142267107964e-04
-4.135675728321075439e-01	7.491691969335079193e-03	-4.678237019106745720e-05	-7.378353620879352093e-05	1.013761735521256924e-03
-9.091340005397796631e-02	-2.151483111083507538e-02	-1.831650286912918091e-01	-3.202974039595574141e-04	-3.412185178603976965e-04
-2.445702791213989258e+00	5.274574505165219307e-05	-5.984950257698073983e-05	-5.491105839610099792e-04	-7.729062781436368823e-05
-1.679375418461859226e-05	-6.049540243111550808e-04	4.588153387885540724e-04	-5.163663299754261971e-04	-5.104064010083675385e-03
-3.135927021503448486e-02	-3.303722478449344635e-04	-5.034493515267968178e-04	-1.139136264100670815e-03	2.062142448266968131e-05
7.186689227819442749e-02	-5.226807843428105116e-05	-2.110646455548703671e-04	-2.481433898210525513e-01	2.908250316977500916e-04
-1.989989395951852202e-04	-4.847791569773107767e-05	1.251530647277832031e-01	1.426677452400326729e-03	-1.573209278285503387e-02
3.661025762557983398e-01	4.907028051093220711e-04	2.696976007428020239e-04	1.170589327812194824e-01	-1.146242767572402954e-02
-2.048851013183593750e+00	-3.246275591664016247e-04	-7.592891808599233627e-03	1.270692446269094944e-04	-2.616322934627532959e-01
-1.170594930648803711e+00	-2.488285535946488380e-03	1.120263934135437012e-01	-2.701213525142520666e-04	4.121211916208267212e-02
6.541177034378051758e-01	-1.897209091112017632e-03	2.604220211505889893e-01	-2.997094765305519104e-02	2.098158895969390869e-01
-1.298208475112915039e+00	1.995931146666407585e-03	5.987915769219398499e-02	-3.281816607341170311e-04	3.176030586473643780e-04
1.761155575513839722e-01	-5.200306186452507973e-04	2.432774603366851807e-01	1.222183927893638611e-04	-3.944635763764381409e-02
-2.668937444686889648e-01	-6.473143585026264191e-04	-2.020996995270252228e-02	7.639998511876910925e-05	-3.889158964157104492e-01
-5.620000883936882019e-04	3.689840377774089575e-05	-5.711835692636668682e-04	1.632336206967011094e-04	-9.415387175977230072e-04
2.204451560974121094e-01	3.111511177849024534e-04	-5.495462194085121155e-02	-2.369684807490557432e-05	-3.323527872562408447e-01
2.050748839974403381e-02	8.340197382494807243e-04	-2.283597132191061974e-05	-5.875806882977485657e-02	-5.030774697661399841e-02
1.065375981852412224e-04	-4.536998167168349028e-04	8.608719217590987682e-04	-3.623490408062934875e-02	-3.917219582945108414e-04
-5.067145824432373047e-01	1.398800909519195557e-01	3.140230476856231689e-01	-3.612387808971107006e-05	-2.795612090267241001e-05
-1.088789224624633789e+00	1.308619393967092037e-04	4.587872419506311417e-03	-8.142957813106477261e-05	-4.383174702525138855e-03
-1.679375418461859226e-05	3.138071624562144279e-04	-2.841329202055931091e-03	3.658023488242179155e-04	2.048548776656389236e-04
3.901744484901428223e-01	-4.259546846151351929e-02	2.623878717422485352e-01	-4.137330688536167145e-05	5.042965412139892578e-01
5.394616164267063141e-05	-1.155161380767822266e+00	1.396378153003752232e-03	-3.968648910522460938e-01	4.228755831718444824e-01
-5.103857815265655518e-02	-3.924042731523513794e-02	-3.748974995687603951e-05	3.234491497278213501e-02	8.361187065020203590e-04
-2.027728855609893799e-01	-7.775846123695373535e-01	1.501849474152550101e-04	6.202175617218017578e-01	3.499048948287963867e-01
-5.355245957616716623e-05	-6.659937789663672447e-04	5.874751368537545204e-04	-9.661480435170233250e-04	-5.445853807032108307e-03
2.779362797737121582e-01	-2.367371780565008521e-04	3.258009091950953007e-04	-7.660291157662868500e-05	-1.794798008631914854e-04
-1.031836569309234619e-01	-4.218105226755142212e-02	9.287711232900619507e-02	-1.618375256657600403e-02	2.670129239559173584e-01
-8.361666798591613770e-01	-1.553480178117752075e-01	-2.365236170589923859e-02	-2.762845833785831928e-04	1.711135555524379015e-04
5.724230408668518066e-02	1.306436897721141577e-04	1.250133067369461060e-01	1.910563732963055372e-04	-4.562383110169321299e-04
4.503245145315304399e-05	-2.560549764893949032e-04	3.362247347831726074e-02	-2.286305651068687439e-02	-6.409541368484497070e-01
3.409487835597246885e-04	-1.864939404185861349e-04	-6.213608756661415100e-02	-7.190866745077073574e-04	-2.044873833656311035e-01
-6.772395968437194824e-01	-8.901153341867029667e-04	3.311420977115631104e-01	2.340587161597795784e-05	-3.894621040672063828e-04
8.707261830568313599e-02	1.031737327575683594e-01	-9.908436331897974014e-04	4.230349732097238302e-04	3.195072058588266373e-04
1.851128996349871159e-03	2.789496444165706635e-03	-6.824784795753657818e-04	5.965221789665520191e-04	-3.723465488292276859e-05
-2.004333019256591797e+00	1.794768904801458120e-04	-1.438281033188104630e-03	-1.705357432365417480e-01	-2.449548617005348206e-02
7.542736083269119263e-02	1.856249198317527771e-02	4.396182671189308167e-02	-1.999628096818923950e-01	6.654769647866487503e-03
-3.173319697380065918e-01	6.703484803438186646e-03	7.674949616193771362e-02	-5.374511703848838806e-02	-1.340081798844039440e-04
-3.135927021503448486e-02	-1.815801224438473582e-04	2.192517567891627550e-04	-1.521098893135786057e-02	-4.822071932721883059e-04
5.394616164267063141e-05	1.514275209046900272e-05	-8.131123613566160202e-04	7.755949627608060837e-04	-8.517949027009308338e-05
-6.777510861866176128e-04	-1.330481320619583130e-01	-2.213161587715148926e-01	4.631387419067323208e-04	-1.027393341064453125e-02
-5.367163685150444508e-04	2.878037921618670225e-04	2.141820586984977126e-04	-1.709011121420189738e-04	-6.242667586775496602e-05
-6.746447682380676270e-01	1.605709258001297712e-05	1.080956717487424612e-04	6.731332838535308838e-02	-4.873051075264811516e-04
5.424156552180647850e-04	2.571659982204437256e-01	-1.113976832129992545e-04	-1.171183612314052880e-04	-4.228093624114990234e-01
1.016543060541152954e-02	-2.564233727753162384e-04	1.905407197773456573e-02	1.395448483526706696e-02	8.903199806809425354e-03
-2.949099838733673096e-01	2.166707627475261688e-02	1.864057481288909912e-01	8.059928659349679947e-04	-1.419901549816131592e-01
-4.621806438080966473e-04	1.990197633858770132e-04	-3.254219773225486279e-04	-5.153884412720799446e-04	-4.820879257749766111e-05
-2.032585616689175367e-04	-1.577279472257941961e-04	-7.647968595847487450e-04	8.414868265390396118e-03	-4.802041803486645222e-04
4.158692806959152222e-02	5.525225424207746983e-04	1.088718473911285400e-01	-3.853725502267479897e-03	2.152547676814720035e-04
3.917102585546672344e-04	-3.713225014507770538e-04	2.028927410719916224e-04	1.463854569010436535e-03	-2.335032913833856583e-03
-1.905536919366568327e-07	1.242225710302591324e-02	5.864025093615055084e-03	-1.176048368215560913e-01	3.416385152377188206e-05
4.343044012784957886e-02	1.256710384041070938e-04	2.950378460809588432e-03	1.988337002694606781e-02	5.651424289681017399e-04
-7.859153300523757935e-02	-3.211830556392669678e-02	1.765587134286761284e-03	5.797349149361252785e-04	1.660287845879793167e-03
-2.152794477296993136e-04	1.159845013171434402e-02	-1.582932844758033752e-02	1.416413579136133194e-03	-1.005997328320518136e-04
-6.257207132875919342e-06	9.462377638556063175e-04	4.049878916703164577e-04	-3.663701354525983334e-04	-1.067179837264120579e-04
-5.679361149668693542e-02	9.205088135786354542e-04	4.364620149135589600e-02	7.220492698252201080e-03	-3.622930729761719704e-03
7.186689227819442749e-02	-7.886491221142932773e-05	2.768790000118315220e-04	-4.196159541606903076e-02	-2.889907360076904297e-02
-5.103857815265655518e-02	7.522628584410995245e-05	6.666975095868110657e-04	6.442941958084702492e-04	3.078090230701491237e-05
-5.367163685150444508e-04	-6.873662641737610102e-05	1.975587947526946664e-04	6.052551325410604477e-04	3.854410897474735975e-04
-3.740223169326782227e+00	-6.651358853559941053e-05	1.479429483879357576e-04	-1.082606977433897555e-04	8.585754036903381348e-02
-8.091380004771053791e-04	-6.705509731546044350e-04	-3.360660630278289318e-04	4.909600247628986835e-04	3.027444472536444664e-04
5.356350168585777283e-02	-5.834516137838363647e-03	-2.733704168349504471e-03	-9.312056750059127808e-02	-9.826235473155975342e-02
-2.840385437011718750e-01	3.335015207994729280e-06	8.388550486415624619e-05	-4.596465267241001129e-03	1.347021752735599875e-04
5.942647112533450127e-04	-4.483815282583236694e-04	3.918177098967134953e-04	-5.146092735230922699e-05	-8.963262080214917660e-04
-8.546081930398941040e-02	2.052013389766216278e-02	2.720616012811660767e-02	2.600328624248504639e-02	-1.488684210926294327e-05
3.051070380024611950e-04	5.425869487226009369e-03	3.295857924968004227e-03	8.411664748564362526e-05	5.100361304357647896e-04
2.349459828110411763e-04	-4.495177883654832840e-03	7.513447781093418598e-04	-4.856395826209336519e-04	1.441240869462490082e-02
9.924267942551523447e-05	3.626522375270724297e-03	-5.696099624037742615e-02	-9.160349727608263493e-04	3.125833347439765930e-02
-2.666996442712843418e-05	-4.238592518959194422e-04	-4.360959283076226711e-04	3.005838661920279264e-04	-3.170130774378776550e-03
1.175296753644943237e-01	3.545358486007899046e-04	1.140802204608917236e-01	1.530116656795144081e-03	-2.883574366569519043e-02
-3.321485710330307484e-04	-3.802171349525451660e-02	1.146583585068583488e-03	-6.589167565107345581e-02	5.109651829116046429e-05
-7.744982838630676270e-02	2.103459276258945465e-02	-1.893342414405196905e-05	7.464627269655466080e-04	3.013610094785690308e-02
7.036375463940203190e-04	2.949628396891057491e-04	1.254633720964193344e-02	-1.422185159754008055e-04	2.558851987123489380e-02
3.275431517977267504e-04	-9.314157068729400635e-04	-2.783092558383941650e-01	-5.026072612963616848e-04	2.384179679211229086e-04
-1.989989395951852202e-04	-2.657226286828517914e-04	8.720393816474825144e-05	5.007330328226089478e-04	3.395403036847710609e-04
-2.027728855609893799e-01	1.122924732044339180e-03	2.457769215106964111e-02	-1.016461057588458061e-03	1.429293071851134300e-03
-6.746447682380676270e-01	8.289454132318496704e-02	-4.671472012996673584e-01	-2.359594509471207857e-05	-1.065298332832753658e-03
-8.091380004771053791e-04	-2.913948846980929375e-04	8.807702362537384033e-02	-1.489893719553947449e-02	1.215901284012943506e-04
9.305710792541503906e-01	-6.376951187849044800e-02	2.535548992455005646e-04	3.713416517712175846e-04	-1.278775334358215332e-01
1.251322464668191969e-05	-4.249763151165097952e-04	2.039817336481064558e-04	-3.538575547281652689e-04	1.442616339772939682e-04
-3.215591423213481903e-04	1.851326960604637861e-04	6.764885620214045048e-04	2.026173286139965057e-03	3.871828957926481962e-04
-5.259866593405604362e-04	-5.391247943043708801e-02	-8.404115214943885803e-05	4.965864494442939758e-02	-5.229465290904045105e-02
4.560564458370208740e-01	-2.959131961688399315e-04	5.974847590550780296e-04	2.716843783855438232e-02	-5.244517233222723007e-04
-6.224081153050065041e-04	-2.075838483870029449e-02	-3.317579627037048340e-03	-2.103258302668109536e-04	-7.210734765976667404e-04
2.532877326011657715e-01	1.138277875725179911e-04	-1.285868784179911017e-04	-1.440141233615577221e-03	3.143943846225738525e-02
-2.675632834434509277e-01	1.208483008667826653e-03	8.298968896269798279e-03	-1.090718214982189238e-04	-8.884769631549715996e-04
-7.837712168693542480e-01	1.361716858809813857e-04	3.528907545842230320e-04	-1.037277653813362122e-01	-2.930983155965805054e-02
-1.486665308475494385e-01	1.268539053853601217e-04	3.175426274538040161e-02	4.524140805006027222e-02	2.135736634954810143e-03
7.721584552200511098e-05	1.483392249792814255e-02	9.673324227333068848e-02	8.683895575813949108e-04	2.539329789578914642e-02
3.376151248812675476e-02	2.241997420787811279e-02	3.174204903189092875e-05	1.836915762396529317e-04	1.586190238595008850e-02
-2.375391870737075806e-01	-1.382012199610471725e-02	1.147289201617240906e-01	-1.874467357993125916e-03	6.740444805473089218e-04
-8.369577676057815552e-02	-4.212549421936273575e-03	-1.746473461389541626e-02	-1.533871423453092575e-02	-2.771652303636074066e-03
3.661025762557983398e-01	9.468151256442070007e-04	8.217972517013549805e-02	-5.092059075832366943e-02	3.374525010585784912e-01
-5.355245957616716623e-05	-1.191089628264307976e-03	-5.617229617200791836e-04	1.877530303318053484e-04	-8.348581939935684204e-02
5.424156552180647850e-04	-8.809877326712012291e-04	-5.119053274393081665e-02	-1.827723812311887741e-03	-1.943543902598321438e-04
5.356350168585777283e-02	-1.045735203661024570e-03	-6.529636448249220848e-04	2.321831416338682175e-04	7.723499834537506104e-02
1.251322464668191969e-05	-8.098148391582071781e-04	-4.087661509402096272e-04	1.938534677028656006e-01	-3.912276879418641329e-04
-2.640017032623291016e+00	-3.148506948491558433e-05	9.365552105009555817e-03	-2.722555291256867349e-05	-1.513966470956802368e-01
-1.529944129288196564e-04	-5.705181320081464946e-05	1.388906538486480713e-01	1.710509806871414185e-01	-8.802796602249145508e-01
-8.749495148658752441e-01	1.031132191419601440e-01	3.465455374680459499e-04	-3.625247918535023928e-04	-2.112109941663220525e-04
-5.545419408008456230e-04	1.030297297984361649e-02	-3.108237578999251127e-04	-1.089988858439028263e-03	-2.311605494469404221e-04
4.117913194932043552e-04	1.772039756178855896e-02	8.195193950086832047e-04	-2.918354468420147896e-03	8.032866171561181545e-04
1.486074470449239016e-04	9.538121230434626341e-05	-3.119635512121021748e-04	-6.176004186272621155e-03	8.272445411421358585e-04
2.166919875890016556e-05	-1.431044365745037794e-04	4.331602831371128559e-04	3.599742194637656212e-04	-5.068428441882133484e-02
-6.870301067829132080e-02	3.199430939275771379e-04	-1.012886688113212585e-02	2.309195988345891237e-04	2.625932975206524134e-04
-9.749191999435424805e-01	-9.339654934592545033e-05	2.849978045560419559e-05	-6.263606995344161987e-02	2.745385572779923677e-04
9.800112457014620304e-05	-2.922666026279330254e-03	-5.098611861467361450e-02	7.750300574116408825e-05	-1.837330346461385489e-04
4.286515759304165840e-04	9.128307574428617954e-04	4.248322802595794201e-04	5.117299151606857777e-04	2.725083939731121063e-02
7.498668855987489223e-05	-9.648675040807574987e-05	-2.171424566768109798e-04	-1.175297948066145182e-04	-1.038749795407056808e-02
2.281150373164564371e-04	-1.709748432040214539e-02	-1.059026690199971199e-03	-4.044405068270862103e-04	-3.162653744220733643e-02
-2.048851013183593750e+00	-1.547262305393815041e-03	4.264253657311201096e-04	-1.004633307456970215e-01	2.702080819290131330e-04
2.779362797737121582e-01	6.273625185713171959e-04	2.227228542324155569e-04	4.877552855759859085e-04	2.916459197876974940e-05
1.016543060541152954e-02	-3.775137884076684713e-05	-1.427556853741407394e-04	2.558465348556637764e-04	-3.842725232243537903e-02
-2.840385437011718750e-01	8.362151565961539745e-04	-5.184452980756759644e-02	-1.666791358729824424e-04	-2.631846582517027855e-04
-3.215591423213481903e-04	5.488906428217887878e-02	-1.301262964261695743e-04	-3.612773143686354160e-04	8.346979320049285889e-02
-1.529944129288196564e-04	2.489752077963203192e-04	-5.462203989736735821e-04	-1.811240017414093018e-01	8.886720985174179077e-03
-7.573047876358032227e-01	-1.600077375769615173e-04	-1.215831413865089417e-01	-8.498580753803253174e-02	1.947769196704030037e-04
1.274944515898823738e-04	-1.219552531838417053e-01	1.237980904988944530e-04	-8.159404387697577477e-06	-6.316486746072769165e-02
-8.210372179746627808e-03	-7.734864950180053711e-02	-1.805747160688042641e-04	-5.720992572605609894e-03	-1.390840578824281693e-02
2.834976476151496172e-05	6.697848439216613770e-04	4.865235532633960247e-04	-2.412556298077106476e-02	-3.742421395145356655e-04
9.977392619475722313e-05	-3.131071571260690689e-05	3.495601564645767212e-02	1.055401735357008874e-04	7.167668663896620274e-04
-4.707372281700372696e-03	8.533275872468948364e-02	1.588340237503871322e-04	-1.122671819757670164e-04	-3.086339682340621948e-03
1.807713031768798828e+00	8.076968789100646973e-02	-1.059126630425453186e-01	2.339451166335493326e-04	7.352255634032189846e-04
1.514962990768253803e-03	1.812281436286866665e-03	8.909696480259299278e-04	2.731669519562274218e-05	-8.227676153182983398e-02
1.471983123337849975e-04	5.249456735327839851e-04	3.056084387935698032e-04	4.334857221692800522e-04	1.958696916699409485e-02
-6.480609881691634655e-04	-7.318772375583648682e-02	4.291788791306316853e-04	-1.240165084600448608e-01	-1.077057240763679147e-04
1.181209087371826172e+00	-3.729973104782402515e-05	-3.440126311033964157e-04	6.879393913550302386e-05	-3.470638184808194637e-04
9.719312656670808792e-04	1.953152939677238464e-03	2.056138037005439401e-04	-3.007788583636283875e-02	-3.427606134209781885e-05
-1.170594930648803711e+00	-1.586362195666879416e-04	7.918342598713934422e-04	5.493915523402392864e-06	-5.018803640268743038e-04
-1.031836569309234619e-01	-1.478757262229919434e-01	2.286043204367160797e-02	9.922928176820278168e-03	-6.265801936388015747e-02
-2.949099838733673096e-01	-1.237154100090265274e-02	9.282375685870647430e-06	4.915396566502749920e-04	1.489669957663863897e-04
5.942647112533450127e-04	-7.244659354910254478e-04	2.103321603499352932e-04	1.804919011192396283e-04	1.045704935677349567e-03
-5.259866593405604362e-04	5.060768220573663712e-03	-2.196314744651317596e-04	-2.029616734944283962e-04	3.848383948206901550e-02
-8.749495148658752441e-01	-2.922055718954652548e-04	2.245964668691158295e-02	-6.217058398760855198e-05	8.357067126780748367e-04
1.274944515898823738e-04	5.108137130737304688e-01	2.793469280004501343e-02	-4.075342440046370029e-05	9.863460063934326172e-02
-3.982246816158294678e-01	4.571176320314407349e-02	6.442558169364929199e-01	4.823490962735377252e-05	-7.473283261060714722e-02
