K_POINTS crystal 
484
0.00000000  0.00000000  0.00000000  0.00206612  
0.00000000  0.02380952  0.00000000  0.00206612  
0.00000000  0.04761905  0.00000000  0.00206612  
0.00000000  0.07142857  0.00000000  0.00206612  
0.00000000  0.09523810  0.00000000  0.00206612  
0.00000000  0.11904762  0.00000000  0.00206612  
0.00000000  0.14285714  0.00000000  0.00206612  
0.00000000  0.16666667  0.00000000  0.00206612  
0.00000000  0.19047619  0.00000000  0.00206612  
0.00000000  0.21428571  0.00000000  0.00206612  
0.00000000  0.23809524  0.00000000  0.00206612  
0.00000000  0.26190476  0.00000000  0.00206612  
0.00000000  0.28571429  0.00000000  0.00206612  
0.00000000  0.30952381  0.00000000  0.00206612  
0.00000000  0.33333333  0.00000000  0.00206612  
0.00000000  0.35714286  0.00000000  0.00206612  
0.00000000  0.38095238  0.00000000  0.00206612  
0.00000000  0.40476190  0.00000000  0.00206612  
0.00000000  0.42857143  0.00000000  0.00206612  
0.00000000  0.45238095  0.00000000  0.00206612  
0.00000000  0.47619048  0.00000000  0.00206612  
0.00000000  0.50000000  0.00000000  0.00206612  
0.02380952  0.00000000  0.00000000  0.00206612  
0.02380952  0.02380952  0.00000000  0.00206612  
0.02380952  0.04761905  0.00000000  0.00206612  
0.02380952  0.07142857  0.00000000  0.00206612  
0.02380952  0.09523810  0.00000000  0.00206612  
0.02380952  0.11904762  0.00000000  0.00206612  
0.02380952  0.14285714  0.00000000  0.00206612  
0.02380952  0.16666667  0.00000000  0.00206612  
0.02380952  0.19047619  0.00000000  0.00206612  
0.02380952  0.21428571  0.00000000  0.00206612  
0.02380952  0.23809524  0.00000000  0.00206612  
0.02380952  0.26190476  0.00000000  0.00206612  
0.02380952  0.28571429  0.00000000  0.00206612  
0.02380952  0.30952381  0.00000000  0.00206612  
0.02380952  0.33333333  0.00000000  0.00206612  
0.02380952  0.35714286  0.00000000  0.00206612  
0.02380952  0.38095238  0.00000000  0.00206612  
0.02380952  0.40476190  0.00000000  0.00206612  
0.02380952  0.42857143  0.00000000  0.00206612  
0.02380952  0.45238095  0.00000000  0.00206612  
0.02380952  0.47619048  0.00000000  0.00206612  
0.02380952  0.50000000  0.00000000  0.00206612  
0.04761905  0.00000000  0.00000000  0.00206612  
0.04761905  0.02380952  0.00000000  0.00206612  
0.04761905  0.04761905  0.00000000  0.00206612  
0.04761905  0.07142857  0.00000000  0.00206612  
0.04761905  0.09523810  0.00000000  0.00206612  
0.04761905  0.11904762  0.00000000  0.00206612  
0.04761905  0.14285714  0.00000000  0.00206612  
0.04761905  0.16666667  0.00000000  0.00206612  
0.04761905  0.19047619  0.00000000  0.00206612  
0.04761905  0.21428571  0.00000000  0.00206612  
0.04761905  0.23809524  0.00000000  0.00206612  
0.04761905  0.26190476  0.00000000  0.00206612  
0.04761905  0.28571429  0.00000000  0.00206612  
0.04761905  0.30952381  0.00000000  0.00206612  
0.04761905  0.33333333  0.00000000  0.00206612  
0.04761905  0.35714286  0.00000000  0.00206612  
0.04761905  0.38095238  0.00000000  0.00206612  
0.04761905  0.40476190  0.00000000  0.00206612  
0.04761905  0.42857143  0.00000000  0.00206612  
0.04761905  0.45238095  0.00000000  0.00206612  
0.04761905  0.47619048  0.00000000  0.00206612  
0.04761905  0.50000000  0.00000000  0.00206612  
0.07142857  0.00000000  0.00000000  0.00206612  
0.07142857  0.02380952  0.00000000  0.00206612  
0.07142857  0.04761905  0.00000000  0.00206612  
0.07142857  0.07142857  0.00000000  0.00206612  
0.07142857  0.09523810  0.00000000  0.00206612  
0.07142857  0.11904762  0.00000000  0.00206612  
0.07142857  0.14285714  0.00000000  0.00206612  
0.07142857  0.16666667  0.00000000  0.00206612  
0.07142857  0.19047619  0.00000000  0.00206612  
0.07142857  0.21428571  0.00000000  0.00206612  
0.07142857  0.23809524  0.00000000  0.00206612  
0.07142857  0.26190476  0.00000000  0.00206612  
0.07142857  0.28571429  0.00000000  0.00206612  
0.07142857  0.30952381  0.00000000  0.00206612  
0.07142857  0.33333333  0.00000000  0.00206612  
0.07142857  0.35714286  0.00000000  0.00206612  
0.07142857  0.38095238  0.00000000  0.00206612  
0.07142857  0.40476190  0.00000000  0.00206612  
0.07142857  0.42857143  0.00000000  0.00206612  
0.07142857  0.45238095  0.00000000  0.00206612  
0.07142857  0.47619048  0.00000000  0.00206612  
0.07142857  0.50000000  0.00000000  0.00206612  
0.09523810  0.00000000  0.00000000  0.00206612  
0.09523810  0.02380952  0.00000000  0.00206612  
0.09523810  0.04761905  0.00000000  0.00206612  
0.09523810  0.07142857  0.00000000  0.00206612  
0.09523810  0.09523810  0.00000000  0.00206612  
0.09523810  0.11904762  0.00000000  0.00206612  
0.09523810  0.14285714  0.00000000  0.00206612  
0.09523810  0.16666667  0.00000000  0.00206612  
0.09523810  0.19047619  0.00000000  0.00206612  
0.09523810  0.21428571  0.00000000  0.00206612  
0.09523810  0.23809524  0.00000000  0.00206612  
0.09523810  0.26190476  0.00000000  0.00206612  
0.09523810  0.28571429  0.00000000  0.00206612  
0.09523810  0.30952381  0.00000000  0.00206612  
0.09523810  0.33333333  0.00000000  0.00206612  
0.09523810  0.35714286  0.00000000  0.00206612  
0.09523810  0.38095238  0.00000000  0.00206612  
0.09523810  0.40476190  0.00000000  0.00206612  
0.09523810  0.42857143  0.00000000  0.00206612  
0.09523810  0.45238095  0.00000000  0.00206612  
0.09523810  0.47619048  0.00000000  0.00206612  
0.09523810  0.50000000  0.00000000  0.00206612  
0.11904762  0.00000000  0.00000000  0.00206612  
0.11904762  0.02380952  0.00000000  0.00206612  
0.11904762  0.04761905  0.00000000  0.00206612  
0.11904762  0.07142857  0.00000000  0.00206612  
0.11904762  0.09523810  0.00000000  0.00206612  
0.11904762  0.11904762  0.00000000  0.00206612  
0.11904762  0.14285714  0.00000000  0.00206612  
0.11904762  0.16666667  0.00000000  0.00206612  
0.11904762  0.19047619  0.00000000  0.00206612  
0.11904762  0.21428571  0.00000000  0.00206612  
0.11904762  0.23809524  0.00000000  0.00206612  
0.11904762  0.26190476  0.00000000  0.00206612  
0.11904762  0.28571429  0.00000000  0.00206612  
0.11904762  0.30952381  0.00000000  0.00206612  
0.11904762  0.33333333  0.00000000  0.00206612  
0.11904762  0.35714286  0.00000000  0.00206612  
0.11904762  0.38095238  0.00000000  0.00206612  
0.11904762  0.40476190  0.00000000  0.00206612  
0.11904762  0.42857143  0.00000000  0.00206612  
0.11904762  0.45238095  0.00000000  0.00206612  
0.11904762  0.47619048  0.00000000  0.00206612  
0.11904762  0.50000000  0.00000000  0.00206612  
0.14285714  0.00000000  0.00000000  0.00206612  
0.14285714  0.02380952  0.00000000  0.00206612  
0.14285714  0.04761905  0.00000000  0.00206612  
0.14285714  0.07142857  0.00000000  0.00206612  
0.14285714  0.09523810  0.00000000  0.00206612  
0.14285714  0.11904762  0.00000000  0.00206612  
0.14285714  0.14285714  0.00000000  0.00206612  
0.14285714  0.16666667  0.00000000  0.00206612  
0.14285714  0.19047619  0.00000000  0.00206612  
0.14285714  0.21428571  0.00000000  0.00206612  
0.14285714  0.23809524  0.00000000  0.00206612  
0.14285714  0.26190476  0.00000000  0.00206612  
0.14285714  0.28571429  0.00000000  0.00206612  
0.14285714  0.30952381  0.00000000  0.00206612  
0.14285714  0.33333333  0.00000000  0.00206612  
0.14285714  0.35714286  0.00000000  0.00206612  
0.14285714  0.38095238  0.00000000  0.00206612  
0.14285714  0.40476190  0.00000000  0.00206612  
0.14285714  0.42857143  0.00000000  0.00206612  
0.14285714  0.45238095  0.00000000  0.00206612  
0.14285714  0.47619048  0.00000000  0.00206612  
0.14285714  0.50000000  0.00000000  0.00206612  
0.16666667  0.00000000  0.00000000  0.00206612  
0.16666667  0.02380952  0.00000000  0.00206612  
0.16666667  0.04761905  0.00000000  0.00206612  
0.16666667  0.07142857  0.00000000  0.00206612  
0.16666667  0.09523810  0.00000000  0.00206612  
0.16666667  0.11904762  0.00000000  0.00206612  
0.16666667  0.14285714  0.00000000  0.00206612  
0.16666667  0.16666667  0.00000000  0.00206612  
0.16666667  0.19047619  0.00000000  0.00206612  
0.16666667  0.21428571  0.00000000  0.00206612  
0.16666667  0.23809524  0.00000000  0.00206612  
0.16666667  0.26190476  0.00000000  0.00206612  
0.16666667  0.28571429  0.00000000  0.00206612  
0.16666667  0.30952381  0.00000000  0.00206612  
0.16666667  0.33333333  0.00000000  0.00206612  
0.16666667  0.35714286  0.00000000  0.00206612  
0.16666667  0.38095238  0.00000000  0.00206612  
0.16666667  0.40476190  0.00000000  0.00206612  
0.16666667  0.42857143  0.00000000  0.00206612  
0.16666667  0.45238095  0.00000000  0.00206612  
0.16666667  0.47619048  0.00000000  0.00206612  
0.16666667  0.50000000  0.00000000  0.00206612  
0.19047619  0.00000000  0.00000000  0.00206612  
0.19047619  0.02380952  0.00000000  0.00206612  
0.19047619  0.04761905  0.00000000  0.00206612  
0.19047619  0.07142857  0.00000000  0.00206612  
0.19047619  0.09523810  0.00000000  0.00206612  
0.19047619  0.11904762  0.00000000  0.00206612  
0.19047619  0.14285714  0.00000000  0.00206612  
0.19047619  0.16666667  0.00000000  0.00206612  
0.19047619  0.19047619  0.00000000  0.00206612  
0.19047619  0.21428571  0.00000000  0.00206612  
0.19047619  0.23809524  0.00000000  0.00206612  
0.19047619  0.26190476  0.00000000  0.00206612  
0.19047619  0.28571429  0.00000000  0.00206612  
0.19047619  0.30952381  0.00000000  0.00206612  
0.19047619  0.33333333  0.00000000  0.00206612  
0.19047619  0.35714286  0.00000000  0.00206612  
0.19047619  0.38095238  0.00000000  0.00206612  
0.19047619  0.40476190  0.00000000  0.00206612  
0.19047619  0.42857143  0.00000000  0.00206612  
0.19047619  0.45238095  0.00000000  0.00206612  
0.19047619  0.47619048  0.00000000  0.00206612  
0.19047619  0.50000000  0.00000000  0.00206612  
0.21428571  0.00000000  0.00000000  0.00206612  
0.21428571  0.02380952  0.00000000  0.00206612  
0.21428571  0.04761905  0.00000000  0.00206612  
0.21428571  0.07142857  0.00000000  0.00206612  
0.21428571  0.09523810  0.00000000  0.00206612  
0.21428571  0.11904762  0.00000000  0.00206612  
0.21428571  0.14285714  0.00000000  0.00206612  
0.21428571  0.16666667  0.00000000  0.00206612  
0.21428571  0.19047619  0.00000000  0.00206612  
0.21428571  0.21428571  0.00000000  0.00206612  
0.21428571  0.23809524  0.00000000  0.00206612  
0.21428571  0.26190476  0.00000000  0.00206612  
0.21428571  0.28571429  0.00000000  0.00206612  
0.21428571  0.30952381  0.00000000  0.00206612  
0.21428571  0.33333333  0.00000000  0.00206612  
0.21428571  0.35714286  0.00000000  0.00206612  
0.21428571  0.38095238  0.00000000  0.00206612  
0.21428571  0.40476190  0.00000000  0.00206612  
0.21428571  0.42857143  0.00000000  0.00206612  
0.21428571  0.45238095  0.00000000  0.00206612  
0.21428571  0.47619048  0.00000000  0.00206612  
0.21428571  0.50000000  0.00000000  0.00206612  
0.23809524  0.00000000  0.00000000  0.00206612  
0.23809524  0.02380952  0.00000000  0.00206612  
0.23809524  0.04761905  0.00000000  0.00206612  
0.23809524  0.07142857  0.00000000  0.00206612  
0.23809524  0.09523810  0.00000000  0.00206612  
0.23809524  0.11904762  0.00000000  0.00206612  
0.23809524  0.14285714  0.00000000  0.00206612  
0.23809524  0.16666667  0.00000000  0.00206612  
0.23809524  0.19047619  0.00000000  0.00206612  
0.23809524  0.21428571  0.00000000  0.00206612  
0.23809524  0.23809524  0.00000000  0.00206612  
0.23809524  0.26190476  0.00000000  0.00206612  
0.23809524  0.28571429  0.00000000  0.00206612  
0.23809524  0.30952381  0.00000000  0.00206612  
0.23809524  0.33333333  0.00000000  0.00206612  
0.23809524  0.35714286  0.00000000  0.00206612  
0.23809524  0.38095238  0.00000000  0.00206612  
0.23809524  0.40476190  0.00000000  0.00206612  
0.23809524  0.42857143  0.00000000  0.00206612  
0.23809524  0.45238095  0.00000000  0.00206612  
0.23809524  0.47619048  0.00000000  0.00206612  
0.23809524  0.50000000  0.00000000  0.00206612  
0.26190476  0.00000000  0.00000000  0.00206612  
0.26190476  0.02380952  0.00000000  0.00206612  
0.26190476  0.04761905  0.00000000  0.00206612  
0.26190476  0.07142857  0.00000000  0.00206612  
0.26190476  0.09523810  0.00000000  0.00206612  
0.26190476  0.11904762  0.00000000  0.00206612  
0.26190476  0.14285714  0.00000000  0.00206612  
0.26190476  0.16666667  0.00000000  0.00206612  
0.26190476  0.19047619  0.00000000  0.00206612  
0.26190476  0.21428571  0.00000000  0.00206612  
0.26190476  0.23809524  0.00000000  0.00206612  
0.26190476  0.26190476  0.00000000  0.00206612  
0.26190476  0.28571429  0.00000000  0.00206612  
0.26190476  0.30952381  0.00000000  0.00206612  
0.26190476  0.33333333  0.00000000  0.00206612  
0.26190476  0.35714286  0.00000000  0.00206612  
0.26190476  0.38095238  0.00000000  0.00206612  
0.26190476  0.40476190  0.00000000  0.00206612  
0.26190476  0.42857143  0.00000000  0.00206612  
0.26190476  0.45238095  0.00000000  0.00206612  
0.26190476  0.47619048  0.00000000  0.00206612  
0.26190476  0.50000000  0.00000000  0.00206612  
0.28571429  0.00000000  0.00000000  0.00206612  
0.28571429  0.02380952  0.00000000  0.00206612  
0.28571429  0.04761905  0.00000000  0.00206612  
0.28571429  0.07142857  0.00000000  0.00206612  
0.28571429  0.09523810  0.00000000  0.00206612  
0.28571429  0.11904762  0.00000000  0.00206612  
0.28571429  0.14285714  0.00000000  0.00206612  
0.28571429  0.16666667  0.00000000  0.00206612  
0.28571429  0.19047619  0.00000000  0.00206612  
0.28571429  0.21428571  0.00000000  0.00206612  
0.28571429  0.23809524  0.00000000  0.00206612  
0.28571429  0.26190476  0.00000000  0.00206612  
0.28571429  0.28571429  0.00000000  0.00206612  
0.28571429  0.30952381  0.00000000  0.00206612  
0.28571429  0.33333333  0.00000000  0.00206612  
0.28571429  0.35714286  0.00000000  0.00206612  
0.28571429  0.38095238  0.00000000  0.00206612  
0.28571429  0.40476190  0.00000000  0.00206612  
0.28571429  0.42857143  0.00000000  0.00206612  
0.28571429  0.45238095  0.00000000  0.00206612  
0.28571429  0.47619048  0.00000000  0.00206612  
0.28571429  0.50000000  0.00000000  0.00206612  
0.30952381  0.00000000  0.00000000  0.00206612  
0.30952381  0.02380952  0.00000000  0.00206612  
0.30952381  0.04761905  0.00000000  0.00206612  
0.30952381  0.07142857  0.00000000  0.00206612  
0.30952381  0.09523810  0.00000000  0.00206612  
0.30952381  0.11904762  0.00000000  0.00206612  
0.30952381  0.14285714  0.00000000  0.00206612  
0.30952381  0.16666667  0.00000000  0.00206612  
0.30952381  0.19047619  0.00000000  0.00206612  
0.30952381  0.21428571  0.00000000  0.00206612  
0.30952381  0.23809524  0.00000000  0.00206612  
0.30952381  0.26190476  0.00000000  0.00206612  
0.30952381  0.28571429  0.00000000  0.00206612  
0.30952381  0.30952381  0.00000000  0.00206612  
0.30952381  0.33333333  0.00000000  0.00206612  
0.30952381  0.35714286  0.00000000  0.00206612  
0.30952381  0.38095238  0.00000000  0.00206612  
0.30952381  0.40476190  0.00000000  0.00206612  
0.30952381  0.42857143  0.00000000  0.00206612  
0.30952381  0.45238095  0.00000000  0.00206612  
0.30952381  0.47619048  0.00000000  0.00206612  
0.30952381  0.50000000  0.00000000  0.00206612  
0.33333333  0.00000000  0.00000000  0.00206612  
0.33333333  0.02380952  0.00000000  0.00206612  
0.33333333  0.04761905  0.00000000  0.00206612  
0.33333333  0.07142857  0.00000000  0.00206612  
0.33333333  0.09523810  0.00000000  0.00206612  
0.33333333  0.11904762  0.00000000  0.00206612  
0.33333333  0.14285714  0.00000000  0.00206612  
0.33333333  0.16666667  0.00000000  0.00206612  
0.33333333  0.19047619  0.00000000  0.00206612  
0.33333333  0.21428571  0.00000000  0.00206612  
0.33333333  0.23809524  0.00000000  0.00206612  
0.33333333  0.26190476  0.00000000  0.00206612  
0.33333333  0.28571429  0.00000000  0.00206612  
0.33333333  0.30952381  0.00000000  0.00206612  
0.33333333  0.33333333  0.00000000  0.00206612  
0.33333333  0.35714286  0.00000000  0.00206612  
0.33333333  0.38095238  0.00000000  0.00206612  
0.33333333  0.40476190  0.00000000  0.00206612  
0.33333333  0.42857143  0.00000000  0.00206612  
0.33333333  0.45238095  0.00000000  0.00206612  
0.33333333  0.47619048  0.00000000  0.00206612  
0.33333333  0.50000000  0.00000000  0.00206612  
0.35714286  0.00000000  0.00000000  0.00206612  
0.35714286  0.02380952  0.00000000  0.00206612  
0.35714286  0.04761905  0.00000000  0.00206612  
0.35714286  0.07142857  0.00000000  0.00206612  
0.35714286  0.09523810  0.00000000  0.00206612  
0.35714286  0.11904762  0.00000000  0.00206612  
0.35714286  0.14285714  0.00000000  0.00206612  
0.35714286  0.16666667  0.00000000  0.00206612  
0.35714286  0.19047619  0.00000000  0.00206612  
0.35714286  0.21428571  0.00000000  0.00206612  
0.35714286  0.23809524  0.00000000  0.00206612  
0.35714286  0.26190476  0.00000000  0.00206612  
0.35714286  0.28571429  0.00000000  0.00206612  
0.35714286  0.30952381  0.00000000  0.00206612  
0.35714286  0.33333333  0.00000000  0.00206612  
0.35714286  0.35714286  0.00000000  0.00206612  
0.35714286  0.38095238  0.00000000  0.00206612  
0.35714286  0.40476190  0.00000000  0.00206612  
0.35714286  0.42857143  0.00000000  0.00206612  
0.35714286  0.45238095  0.00000000  0.00206612  
0.35714286  0.47619048  0.00000000  0.00206612  
0.35714286  0.50000000  0.00000000  0.00206612  
0.38095238  0.00000000  0.00000000  0.00206612  
0.38095238  0.02380952  0.00000000  0.00206612  
0.38095238  0.04761905  0.00000000  0.00206612  
0.38095238  0.07142857  0.00000000  0.00206612  
0.38095238  0.09523810  0.00000000  0.00206612  
0.38095238  0.11904762  0.00000000  0.00206612  
0.38095238  0.14285714  0.00000000  0.00206612  
0.38095238  0.16666667  0.00000000  0.00206612  
0.38095238  0.19047619  0.00000000  0.00206612  
0.38095238  0.21428571  0.00000000  0.00206612  
0.38095238  0.23809524  0.00000000  0.00206612  
0.38095238  0.26190476  0.00000000  0.00206612  
0.38095238  0.28571429  0.00000000  0.00206612  
0.38095238  0.30952381  0.00000000  0.00206612  
0.38095238  0.33333333  0.00000000  0.00206612  
0.38095238  0.35714286  0.00000000  0.00206612  
0.38095238  0.38095238  0.00000000  0.00206612  
0.38095238  0.40476190  0.00000000  0.00206612  
0.38095238  0.42857143  0.00000000  0.00206612  
0.38095238  0.45238095  0.00000000  0.00206612  
0.38095238  0.47619048  0.00000000  0.00206612  
0.38095238  0.50000000  0.00000000  0.00206612  
0.40476190  0.00000000  0.00000000  0.00206612  
0.40476190  0.02380952  0.00000000  0.00206612  
0.40476190  0.04761905  0.00000000  0.00206612  
0.40476190  0.07142857  0.00000000  0.00206612  
0.40476190  0.09523810  0.00000000  0.00206612  
0.40476190  0.11904762  0.00000000  0.00206612  
0.40476190  0.14285714  0.00000000  0.00206612  
0.40476190  0.16666667  0.00000000  0.00206612  
0.40476190  0.19047619  0.00000000  0.00206612  
0.40476190  0.21428571  0.00000000  0.00206612  
0.40476190  0.23809524  0.00000000  0.00206612  
0.40476190  0.26190476  0.00000000  0.00206612  
0.40476190  0.28571429  0.00000000  0.00206612  
0.40476190  0.30952381  0.00000000  0.00206612  
0.40476190  0.33333333  0.00000000  0.00206612  
0.40476190  0.35714286  0.00000000  0.00206612  
0.40476190  0.38095238  0.00000000  0.00206612  
0.40476190  0.40476190  0.00000000  0.00206612  
0.40476190  0.42857143  0.00000000  0.00206612  
0.40476190  0.45238095  0.00000000  0.00206612  
0.40476190  0.47619048  0.00000000  0.00206612  
0.40476190  0.50000000  0.00000000  0.00206612  
0.42857143  0.00000000  0.00000000  0.00206612  
0.42857143  0.02380952  0.00000000  0.00206612  
0.42857143  0.04761905  0.00000000  0.00206612  
0.42857143  0.07142857  0.00000000  0.00206612  
0.42857143  0.09523810  0.00000000  0.00206612  
0.42857143  0.11904762  0.00000000  0.00206612  
0.42857143  0.14285714  0.00000000  0.00206612  
0.42857143  0.16666667  0.00000000  0.00206612  
0.42857143  0.19047619  0.00000000  0.00206612  
0.42857143  0.21428571  0.00000000  0.00206612  
0.42857143  0.23809524  0.00000000  0.00206612  
0.42857143  0.26190476  0.00000000  0.00206612  
0.42857143  0.28571429  0.00000000  0.00206612  
0.42857143  0.30952381  0.00000000  0.00206612  
0.42857143  0.33333333  0.00000000  0.00206612  
0.42857143  0.35714286  0.00000000  0.00206612  
0.42857143  0.38095238  0.00000000  0.00206612  
0.42857143  0.40476190  0.00000000  0.00206612  
0.42857143  0.42857143  0.00000000  0.00206612  
0.42857143  0.45238095  0.00000000  0.00206612  
0.42857143  0.47619048  0.00000000  0.00206612  
0.42857143  0.50000000  0.00000000  0.00206612  
0.45238095  0.00000000  0.00000000  0.00206612  
0.45238095  0.02380952  0.00000000  0.00206612  
0.45238095  0.04761905  0.00000000  0.00206612  
0.45238095  0.07142857  0.00000000  0.00206612  
0.45238095  0.09523810  0.00000000  0.00206612  
0.45238095  0.11904762  0.00000000  0.00206612  
0.45238095  0.14285714  0.00000000  0.00206612  
0.45238095  0.16666667  0.00000000  0.00206612  
0.45238095  0.19047619  0.00000000  0.00206612  
0.45238095  0.21428571  0.00000000  0.00206612  
0.45238095  0.23809524  0.00000000  0.00206612  
0.45238095  0.26190476  0.00000000  0.00206612  
0.45238095  0.28571429  0.00000000  0.00206612  
0.45238095  0.30952381  0.00000000  0.00206612  
0.45238095  0.33333333  0.00000000  0.00206612  
0.45238095  0.35714286  0.00000000  0.00206612  
0.45238095  0.38095238  0.00000000  0.00206612  
0.45238095  0.40476190  0.00000000  0.00206612  
0.45238095  0.42857143  0.00000000  0.00206612  
0.45238095  0.45238095  0.00000000  0.00206612  
0.45238095  0.47619048  0.00000000  0.00206612  
0.45238095  0.50000000  0.00000000  0.00206612  
0.47619048  0.00000000  0.00000000  0.00206612  
0.47619048  0.02380952  0.00000000  0.00206612  
0.47619048  0.04761905  0.00000000  0.00206612  
0.47619048  0.07142857  0.00000000  0.00206612  
0.47619048  0.09523810  0.00000000  0.00206612  
0.47619048  0.11904762  0.00000000  0.00206612  
0.47619048  0.14285714  0.00000000  0.00206612  
0.47619048  0.16666667  0.00000000  0.00206612  
0.47619048  0.19047619  0.00000000  0.00206612  
0.47619048  0.21428571  0.00000000  0.00206612  
0.47619048  0.23809524  0.00000000  0.00206612  
0.47619048  0.26190476  0.00000000  0.00206612  
0.47619048  0.28571429  0.00000000  0.00206612  
0.47619048  0.30952381  0.00000000  0.00206612  
0.47619048  0.33333333  0.00000000  0.00206612  
0.47619048  0.35714286  0.00000000  0.00206612  
0.47619048  0.38095238  0.00000000  0.00206612  
0.47619048  0.40476190  0.00000000  0.00206612  
0.47619048  0.42857143  0.00000000  0.00206612  
0.47619048  0.45238095  0.00000000  0.00206612  
0.47619048  0.47619048  0.00000000  0.00206612  
0.47619048  0.50000000  0.00000000  0.00206612  
0.50000000  0.00000000  0.00000000  0.00206612  
0.50000000  0.02380952  0.00000000  0.00206612  
0.50000000  0.04761905  0.00000000  0.00206612  
0.50000000  0.07142857  0.00000000  0.00206612  
0.50000000  0.09523810  0.00000000  0.00206612  
0.50000000  0.11904762  0.00000000  0.00206612  
0.50000000  0.14285714  0.00000000  0.00206612  
0.50000000  0.16666667  0.00000000  0.00206612  
0.50000000  0.19047619  0.00000000  0.00206612  
0.50000000  0.21428571  0.00000000  0.00206612  
0.50000000  0.23809524  0.00000000  0.00206612  
0.50000000  0.26190476  0.00000000  0.00206612  
0.50000000  0.28571429  0.00000000  0.00206612  
0.50000000  0.30952381  0.00000000  0.00206612  
0.50000000  0.33333333  0.00000000  0.00206612  
0.50000000  0.35714286  0.00000000  0.00206612  
0.50000000  0.38095238  0.00000000  0.00206612  
0.50000000  0.40476190  0.00000000  0.00206612  
0.50000000  0.42857143  0.00000000  0.00206612  
0.50000000  0.45238095  0.00000000  0.00206612  
0.50000000  0.47619048  0.00000000  0.00206612  
0.50000000  0.50000000  0.00000000  0.00206612  
