 &plot nbnd=  54, nks=   129 /
            0.000000  0.000000  0.000000
  -13.991  -13.622  -13.208  -11.297  -10.938  -10.796  -10.712  -10.509  -10.499   -5.208
   -4.878   -4.470   -4.443   -4.033   -3.784   -3.660   -3.553   -3.396   -3.222   -2.225
   -1.875   -1.795   -1.339   -1.197   -1.105   -1.056   -0.987    0.304    0.368    0.375
    0.487    0.559    0.657    0.973    1.308    2.637    2.666    3.349    3.442    3.665
    3.902    4.419    4.475    4.883    5.022    5.172    5.558    5.721    6.039    6.091
    6.147    6.350    6.660    6.785
            0.015625  0.000000  0.000000
  -13.990  -13.621  -13.207  -11.300  -10.950  -10.843  -10.669  -10.503  -10.489   -5.207
   -4.880   -4.487   -4.426   -4.031   -3.784   -3.664   -3.551   -3.396   -3.218   -2.225
   -1.888   -1.780   -1.341   -1.204   -1.107   -1.056   -0.990    0.302    0.357    0.389
    0.488    0.557    0.668    0.971    1.307    2.640    2.663    3.349    3.444    3.666
    3.904    4.418    4.478    4.882    5.025    5.175    5.557    5.723    6.038    6.089
    6.148    6.350    6.649    6.759
            0.031250  0.000000  0.000000
  -13.987  -13.618  -13.205  -11.309  -10.981  -10.918  -10.610  -10.482  -10.458   -5.204
   -4.888   -4.510   -4.400   -4.027   -3.784   -3.675   -3.545   -3.394   -3.206   -2.224
   -1.913   -1.750   -1.346   -1.223   -1.116   -1.058   -0.998    0.293    0.349    0.402
    0.490    0.558    0.695    0.968    1.304    2.646    2.657    3.351    3.451    3.669
    3.908    4.416    4.485    4.881    5.035    5.181    5.553    5.729    6.034    6.086
    6.151    6.348    6.626    6.720
            0.046875  0.000000  0.000000
  -13.983  -13.614  -13.201  -11.323  -11.029  -10.993  -10.565  -10.444  -10.412   -5.200
   -4.900   -4.529   -4.376   -4.020   -3.786   -3.689   -3.534   -3.391   -3.187   -2.223
   -1.940   -1.715   -1.355   -1.253   -1.132   -1.060   -1.012    0.278    0.348    0.409
    0.498    0.569    0.730    0.962    1.299    2.645    2.659    3.353    3.462    3.674
    3.915    4.413    4.494    4.880    5.049    5.193    5.548    5.738    6.022    6.086
    6.153    6.344    6.607    6.687
            0.062500  0.000000  0.000000
  -13.976  -13.608  -13.196  -11.342  -11.095  -11.059  -10.536  -10.392  -10.350   -5.195
   -4.916   -4.542   -4.354   -4.011   -3.790   -3.704   -3.519   -3.386   -3.163   -2.222
   -1.963   -1.678   -1.369   -1.290   -1.156   -1.064   -1.031    0.258    0.352    0.408
    0.514    0.591    0.767    0.956    1.292    2.630    2.674    3.357    3.476    3.680
    3.925    4.410    4.504    4.881    5.067    5.210    5.544    5.749    6.001    6.091
    6.151    6.336    6.596    6.665
            0.078125  0.000000  0.000000
  -13.968  -13.601  -13.189  -11.366  -11.173  -11.119  -10.514  -10.337  -10.279   -5.191
   -4.934   -4.549   -4.337   -4.002   -3.799   -3.715   -3.500   -3.380   -3.137   -2.222
   -1.982   -1.642   -1.386   -1.334   -1.187   -1.072   -1.053    0.235    0.357    0.407
    0.535    0.620    0.804    0.952    1.284    2.610    2.694    3.364    3.493    3.689
    3.938    4.408    4.515    4.885    5.086    5.232    5.541    5.760    5.973    6.098
    6.143    6.330    6.586    6.665
            0.093750  0.000000  0.000000
  -13.959  -13.592  -13.181  -11.395  -11.252  -11.180  -10.494  -10.280  -10.202   -5.190
   -4.952   -4.551   -4.324   -3.993   -3.814   -3.719   -3.477   -3.372   -3.109   -2.224
   -1.995   -1.607   -1.411   -1.380   -1.222   -1.092   -1.069    0.212    0.360    0.411
    0.560    0.653    0.834    0.956    1.273    2.586    2.718    3.373    3.513    3.700
    3.953    4.407    4.526    4.893    5.105    5.259    5.542    5.769    5.941    6.103
    6.132    6.330    6.570    6.684
            0.109375  0.000000  0.000000
  -13.947  -13.581  -13.172  -11.429  -11.332  -11.242  -10.474  -10.224  -10.123   -5.195
   -4.965   -4.547   -4.316   -3.986   -3.831   -3.717   -3.450   -3.362   -3.082   -2.228
   -2.001   -1.575   -1.450   -1.418   -1.261   -1.123   -1.080    0.189    0.358    0.423
    0.587    0.687    0.853    0.973    1.261    2.559    2.746    3.386    3.534    3.712
    3.971    4.405    4.535    4.907    5.123    5.290    5.547    5.774    5.906    6.095
    6.131    6.336    6.552    6.707
            0.125000  0.000000  0.000000
  -13.934  -13.568  -13.161  -11.470  -11.408  -11.304  -10.453  -10.167  -10.044   -5.209
   -4.969   -4.539   -4.312   -3.980   -3.849   -3.711   -3.421   -3.347   -3.054   -2.235
   -2.001   -1.549   -1.504   -1.447   -1.302   -1.158   -1.093    0.167    0.355    0.440
    0.616    0.718    0.859    1.006    1.248    2.528    2.777    3.402    3.557    3.727
    3.991    4.402    4.544    4.925    5.141    5.323    5.557    5.768    5.876    6.079
    6.138    6.346    6.534    6.701
            0.140625  0.000000  0.000000
  -13.919  -13.554  -13.149  -11.524  -11.473  -11.365  -10.432  -10.112   -9.964   -5.232
   -4.964   -4.529   -4.312   -3.976   -3.865   -3.701   -3.395   -3.327   -3.027   -2.243
   -1.996   -1.568   -1.534   -1.466   -1.343   -1.195   -1.107    0.148    0.350    0.460
    0.644    0.745    0.863    1.046    1.236    2.493    2.812    3.421    3.582    3.743
    4.013    4.398    4.554    4.949    5.158    5.358    5.571    5.744    5.859    6.060
    6.143    6.358    6.515    6.659
            0.156250  0.000000  0.000000
  -13.902  -13.539  -13.135  -11.594  -11.527  -11.425  -10.411  -10.056   -9.886   -5.262
   -4.948   -4.519   -4.312   -3.973   -3.880   -3.690   -3.372   -3.298   -3.000   -2.252
   -1.988   -1.629   -1.554   -1.467   -1.380   -1.234   -1.122    0.133    0.346    0.479
    0.670    0.765    0.870    1.087    1.227    2.454    2.849    3.444    3.608    3.761
    4.038    4.390    4.564    4.977    5.175    5.391    5.588    5.705    5.854    6.038
    6.143    6.372    6.495    6.612
            0.171875  0.000000  0.000000
  -13.883  -13.521  -13.120  -11.670  -11.578  -11.483  -10.390  -10.002   -9.808   -5.298
   -4.925   -4.512   -4.312   -3.970   -3.894   -3.676   -3.355   -3.263   -2.973   -2.260
   -1.981   -1.691   -1.592   -1.474   -1.400   -1.272   -1.139    0.122    0.341    0.496
    0.691    0.782    0.884    1.119    1.231    2.413    2.889    3.470    3.635    3.781
    4.064    4.380    4.577    5.010    5.192    5.422    5.603    5.663    5.855    6.012
    6.133    6.386    6.473    6.579
            0.187500  0.000000  0.000000
  -13.863  -13.502  -13.103  -11.747  -11.631  -11.539  -10.368   -9.950   -9.732   -5.337
   -4.897   -4.511   -4.307   -3.968   -3.904   -3.661   -3.339   -3.225   -2.945   -2.268
   -1.976   -1.750   -1.636   -1.506   -1.398   -1.306   -1.156    0.116    0.336    0.510
    0.702    0.803    0.902    1.132    1.256    2.368    2.932    3.500    3.663    3.803
    4.092    4.366    4.592    5.046    5.208    5.449    5.594    5.647    5.852    5.980
    6.114    6.398    6.447    6.566
            0.203125  0.000000  0.000000
  -13.841  -13.482  -13.085  -11.825  -11.687  -11.591  -10.347   -9.898   -9.656   -5.377
   -4.864   -4.518   -4.294   -3.970   -3.909   -3.645   -3.324   -3.187   -2.917   -2.276
   -1.982   -1.799   -1.684   -1.549   -1.399   -1.331   -1.172    0.114    0.332    0.519
    0.704    0.829    0.922    1.130    1.299    2.321    2.977    3.533    3.692    3.826
    4.123    4.350    4.609    5.082    5.224    5.465    5.562    5.661    5.836    5.942
    6.096    6.396    6.416    6.576
            0.218750  0.000000  0.000000
  -13.817  -13.459  -13.066  -11.902  -11.746  -11.641  -10.326   -9.849   -9.583   -5.417
   -4.827   -4.533   -4.273   -3.980   -3.906   -3.627   -3.310   -3.151   -2.886   -2.284
   -2.004   -1.834   -1.732   -1.595   -1.420   -1.339   -1.182    0.117    0.327    0.522
    0.702    0.859    0.943    1.125    1.347    2.271    3.024    3.569    3.722    3.850
    4.154    4.332    4.629    5.117    5.239    5.462    5.545    5.678    5.804    5.900
    6.092    6.333    6.417    6.572
            0.234375  0.000000  0.000000
  -13.792  -13.436  -13.046  -11.978  -11.807  -11.690  -10.306   -9.801   -9.512   -5.457
   -4.788   -4.553   -4.245   -3.994   -3.896   -3.609   -3.296   -3.119   -2.854   -2.294
   -2.042   -1.857   -1.777   -1.641   -1.452   -1.345   -1.182    0.123    0.322    0.520
    0.696    0.889    0.964    1.122    1.398    2.219    3.073    3.608    3.753    3.875
    4.188    4.313    4.651    5.143    5.253    5.441    5.546    5.687    5.757    5.863
    6.099    6.255    6.408    6.526
            0.250000  0.000000  0.000000
  -13.764  -13.410  -13.024  -12.054  -11.869  -11.738  -10.287   -9.755   -9.443   -5.497
   -4.748   -4.575   -4.213   -4.012   -3.882   -3.590   -3.281   -3.091   -2.818   -2.309
   -2.086   -1.883   -1.809   -1.686   -1.486   -1.361   -1.170    0.132    0.317    0.513
    0.689    0.916    0.987    1.123    1.448    2.164    3.123    3.649    3.785    3.902
    4.223    4.294    4.676    5.151    5.270    5.422    5.544    5.678    5.707    5.843
    6.105    6.182    6.375    6.483
            0.265625  0.000000  0.000000
  -13.736  -13.383  -13.001  -12.128  -11.931  -11.785  -10.268   -9.711   -9.376   -5.535
   -4.711   -4.595   -4.177   -4.031   -3.864   -3.571   -3.267   -3.068   -2.781   -2.334
   -2.126   -1.923   -1.828   -1.726   -1.519   -1.386   -1.148    0.144    0.312    0.502
    0.680    0.940    1.009    1.132    1.496    2.108    3.176    3.693    3.817    3.928
    4.260    4.277    4.702    5.137    5.291    5.410    5.525    5.652    5.671    5.841
    6.066    6.162    6.316    6.437
            0.281250  0.000000  0.000000
  -13.705  -13.355  -12.977  -12.202  -11.993  -11.832  -10.250   -9.670   -9.312   -5.571
   -4.688   -4.597   -4.143   -4.048   -3.845   -3.551   -3.252   -3.051   -2.743   -2.372
   -2.158   -1.969   -1.843   -1.758   -1.551   -1.418   -1.120    0.154    0.308    0.489
    0.670    0.961    1.026    1.150    1.542    2.051    3.229    3.738    3.849    3.955
    4.263    4.298    4.730    5.106    5.307    5.400    5.487    5.623    5.651    5.843
    6.002    6.179    6.245    6.385
            0.296875  0.000000  0.000000
  -13.672  -13.325  -12.951  -12.274  -12.055  -11.878  -10.232   -9.631   -9.251   -5.606
   -4.695   -4.569   -4.122   -4.049   -3.825   -3.531   -3.238   -3.038   -2.705   -2.420
   -2.181   -2.016   -1.865   -1.776   -1.579   -1.454   -1.087    0.162    0.306    0.474
    0.662    0.980    1.039    1.177    1.584    1.992    3.284    3.785    3.882    3.979
    4.254    4.338    4.759    5.064    5.301    5.382    5.456    5.594    5.643    5.836
    5.952    6.168    6.205    6.338
            0.312500  0.000000  0.000000
  -13.638  -13.293  -12.925  -12.346  -12.117  -11.924  -10.216   -9.594   -9.193   -5.638
   -4.716   -4.524   -4.129   -4.021   -3.804   -3.512   -3.225   -3.030   -2.668   -2.476
   -2.202   -2.062   -1.894   -1.780   -1.605   -1.493   -1.053    0.164    0.307    0.458
    0.657    0.995    1.049    1.210    1.622    1.934    3.340    3.832    3.915    4.000
    4.252    4.379    4.788    5.016    5.256    5.365    5.439    5.567    5.638    5.814
    5.921    6.098    6.223    6.307
            0.328125  0.000000  0.000000
  -13.603  -13.260  -12.897  -12.416  -12.178  -11.970  -10.201   -9.560   -9.139   -5.669
   -4.741   -4.473   -4.147   -3.980   -3.782   -3.493   -3.212   -3.027   -2.632   -2.533
   -2.226   -2.104   -1.923   -1.776   -1.628   -1.533   -1.018    0.161    0.311    0.441
    0.658    1.003    1.059    1.247    1.656    1.878    3.397    3.880    3.948    4.016
    4.260    4.421    4.813    4.969    5.190    5.345    5.419    5.541    5.638    5.789
    5.895    6.041    6.218    6.311
            0.343750  0.000000  0.000000
  -13.565  -13.225  -12.869  -12.485  -12.238  -12.015  -10.187   -9.528   -9.088   -5.697
   -4.765   -4.419   -4.169   -3.934   -3.761   -3.475   -3.200   -3.028   -2.604   -2.585
   -2.253   -2.142   -1.952   -1.764   -1.649   -1.573   -0.984    0.152    0.315    0.424
    0.667    1.005    1.071    1.284    1.682    1.825    3.456    3.926    3.981    4.028
    4.279    4.464    4.826    4.931    5.119    5.314    5.393    5.508    5.644    5.761
    5.866    6.009    6.195    6.340
            0.359375  0.000000  0.000000
  -13.526  -13.189  -12.840  -12.552  -12.297  -12.059  -10.174   -9.499   -9.042   -5.722
   -4.789   -4.364   -4.190   -3.887   -3.741   -3.459   -3.189   -3.034   -2.647   -2.568
   -2.282   -2.176   -1.980   -1.745   -1.670   -1.610   -0.952    0.139    0.318    0.407
    0.684    1.002    1.085    1.320    1.694    1.785    3.514    3.966    4.014    4.041
    4.308    4.509    4.806    4.920    5.051    5.275    5.362    5.469    5.644    5.728
    5.848    5.996    6.170    6.371
            0.375000  0.000000  0.000000
  -13.485  -13.152  -12.810  -12.618  -12.355  -12.103  -10.162   -9.473   -8.999   -5.745
   -4.811   -4.311   -4.207   -3.841   -3.722   -3.445   -3.180   -3.045   -2.697   -2.543
   -2.311   -2.206   -2.007   -1.728   -1.691   -1.637   -0.923    0.126    0.316    0.393
    0.709    0.996    1.098    1.353    1.676    1.774    3.574    3.989    4.050    4.063
    4.344    4.554    4.761    4.919    4.990    5.237    5.329    5.427    5.607    5.719
    5.842    5.994    6.144    6.396
            0.390625  0.000000  0.000000
  -13.443  -13.113  -12.780  -12.683  -12.413  -12.146  -10.151   -9.450   -8.961   -5.766
   -4.830   -4.273   -4.206   -3.796   -3.704   -3.434   -3.173   -3.058   -2.743   -2.526
   -2.335   -2.231   -2.033   -1.742   -1.692   -1.646   -0.898    0.114    0.307    0.384
    0.740    0.987    1.110    1.377    1.642    1.782    3.633    3.996    4.089    4.097
    4.384    4.598    4.710    4.895    4.949    5.209    5.295    5.386    5.542    5.732
    5.839    5.997    6.120    6.410
            0.406250  0.000000  0.000000
  -13.399  -13.074  -12.756  -12.741  -12.468  -12.187  -10.142   -9.430   -8.927   -5.784
   -4.848   -4.272   -4.167   -3.757   -3.687   -3.427   -3.168   -3.074   -2.785   -2.517
   -2.353   -2.248   -2.058   -1.777   -1.693   -1.628   -0.879    0.105    0.293    0.379
    0.777    0.976    1.120    1.390    1.613    1.793    3.690    3.997    4.122    4.142
    4.424    4.629    4.673    4.849    4.918    5.198    5.255    5.353    5.472    5.749
    5.831    6.002    6.101    6.404
            0.421875  0.000000  0.000000
  -13.353  -13.033  -12.809  -12.720  -12.522  -12.226  -10.134   -9.413   -8.898   -5.799
   -4.862   -4.283   -4.112   -3.732   -3.666   -3.423   -3.165   -3.088   -2.821   -2.519
   -2.363   -2.255   -2.082   -1.816   -1.700   -1.598   -0.865    0.100    0.274    0.377
    0.818    0.966    1.127    1.385    1.599    1.803    3.746    3.999    4.154    4.187
    4.454    4.610    4.691    4.810    4.875    5.195    5.211    5.328    5.412    5.766
    5.813    6.008    6.088    6.387
            0.437500  0.000000  0.000000
  -13.306  -12.992  -12.868  -12.694  -12.573  -12.263  -10.128   -9.399   -8.874   -5.812
   -4.875   -4.296   -4.054   -3.726   -3.636   -3.422   -3.162   -3.101   -2.853   -2.528
   -2.370   -2.252   -2.103   -1.852   -1.706   -1.566   -0.856    0.100    0.253    0.376
    0.861    0.956    1.129    1.365    1.599    1.809    3.795    4.007    4.184    4.229
    4.459    4.600    4.703    4.800    4.830    5.151    5.199    5.292    5.388    5.772
    5.791    6.015    6.084    6.367
            0.453125  0.000000  0.000000
  -13.258  -12.959  -12.917  -12.678  -12.614  -12.296  -10.122   -9.388   -8.856   -5.821
   -4.884   -4.306   -3.997   -3.737   -3.605   -3.424   -3.160   -3.112   -2.879   -2.539
   -2.376   -2.240   -2.122   -1.886   -1.711   -1.538   -0.852    0.106    0.231    0.376
    0.905    0.947    1.125    1.339    1.608    1.814    3.836    4.022    4.210    4.261
    4.443    4.606    4.699    4.766    4.846    5.097    5.182    5.246    5.406    5.737
    5.797    6.021    6.087    6.350
            0.468750  0.000000  0.000000
  -13.207  -12.993  -12.898  -12.696  -12.622  -12.323  -10.119   -9.380   -8.842   -5.828
   -4.891   -4.314   -3.941   -3.761   -3.579   -3.427   -3.157   -3.121   -2.899   -2.549
   -2.380   -2.223   -2.140   -1.913   -1.715   -1.515   -0.851    0.116    0.210    0.376
    0.939    0.948    1.114    1.315    1.618    1.816    3.863    4.048    4.226    4.274
    4.438    4.596    4.710    4.727    4.894    5.045    5.137    5.223    5.441    5.693
    5.805    6.026    6.093    6.336
            0.484375  0.000000  0.000000
  -13.156  -13.047  -12.861  -12.734  -12.612  -12.341  -10.117   -9.375   -8.834   -5.833
   -4.895   -4.319   -3.888   -3.795   -3.561   -3.429   -3.153   -3.128   -2.911   -2.555
   -2.383   -2.205   -2.155   -1.931   -1.717   -1.501   -0.851    0.128    0.191    0.376
    0.936    0.985    1.097    1.299    1.625    1.818    3.877    4.079    4.222    4.276
    4.452    4.574    4.683    4.748    4.946    5.004    5.081    5.214    5.477    5.652
    5.810    6.028    6.099    6.327
            0.500000  0.000000  0.000000
  -13.113  -13.091  -12.840  -12.755  -12.608  -12.348  -10.116   -9.373   -8.831   -5.834
   -4.897   -4.320   -3.846   -3.830   -3.555   -3.430   -3.150   -3.132   -2.916   -2.558
   -2.384   -2.196   -2.163   -1.938   -1.718   -1.496   -0.851    0.134    0.183    0.376
    0.934    1.002    1.086    1.294    1.627    1.818    3.881    4.094    4.213    4.278
    4.464    4.562    4.670    4.761    4.974    4.997    5.042    5.212    5.495    5.633
    5.812    6.029    6.101    6.324
            0.500000  0.020946  0.000000
  -13.111  -13.090  -12.838  -12.754  -12.607  -12.348  -10.117   -9.375   -8.834   -5.833
   -4.896   -4.321   -3.868   -3.842   -3.559   -3.446   -3.146   -3.136   -2.896   -2.563
   -2.365   -2.192   -2.172   -1.929   -1.725   -1.489   -0.850    0.145    0.181    0.368
    0.947    0.995    1.086    1.294    1.625    1.820    3.885    4.097    4.214    4.280
    4.465    4.562    4.672    4.764    4.975    4.998    5.041    5.205    5.495    5.634
    5.822    6.020    6.108    6.325
            0.500000  0.041893  0.000000
  -13.108  -13.087  -12.835  -12.752  -12.603  -12.347  -10.119   -9.380   -8.842   -5.829
   -4.894   -4.323   -3.925   -3.876   -3.575   -3.491   -3.147   -3.138   -2.844   -2.567
   -2.323   -2.191   -2.177   -1.910   -1.742   -1.469   -0.844    0.176    0.178    0.350
    0.974    0.981    1.088    1.296    1.618    1.827    3.898    4.103    4.219    4.288
    4.470    4.562    4.676    4.771    4.976    5.004    5.039    5.189    5.496    5.636
    5.850    6.000    6.125    6.329
            0.500000  0.062839  0.000000
  -13.101  -13.083  -12.828  -12.748  -12.597  -12.345  -10.123   -9.389   -8.855   -5.822
   -4.892   -4.326   -4.008   -3.930   -3.603   -3.557   -3.168   -3.130   -2.769   -2.559
   -2.288   -2.206   -2.143   -1.890   -1.762   -1.442   -0.837    0.166    0.228    0.333
    0.944    1.020    1.097    1.299    1.608    1.835    3.919    4.115    4.226    4.300
    4.478    4.561    4.684    4.785    4.972    5.013    5.038    5.172    5.501    5.640
    5.888    5.976    6.144    6.336
            0.500000  0.083785  0.000000
  -13.092  -13.076  -12.820  -12.742  -12.589  -12.342  -10.129   -9.401   -8.873   -5.813
   -4.888   -4.331   -4.104   -3.997   -3.641   -3.638   -3.200   -3.128   -2.685   -2.536
   -2.271   -2.206   -2.100   -1.873   -1.769   -1.412   -0.828    0.152    0.289    0.326
    0.909    1.039    1.127    1.304    1.598    1.843    3.947    4.132    4.237    4.316
    4.489    4.558    4.695    4.804    4.957    5.026    5.044    5.163    5.509    5.645
    5.929    5.953    6.165    6.347
            0.500000  0.104732  0.000000
  -13.081  -13.067  -12.809  -12.735  -12.579  -12.339  -10.137   -9.417   -8.897   -5.801
   -4.884   -4.339   -4.208   -4.076   -3.726   -3.689   -3.243   -3.134   -2.601   -2.502
   -2.267   -2.184   -2.068   -1.861   -1.748   -1.388   -0.818    0.138    0.331    0.353
    0.877    1.036    1.173    1.311    1.592    1.848    3.981    4.154    4.252    4.335
    4.504    4.554    4.708    4.830    4.932    5.043    5.058    5.164    5.522    5.651
    5.934    5.968    6.187    6.361
            0.500000  0.125678  0.000000
  -13.066  -13.057  -12.795  -12.726  -12.566  -12.335  -10.146   -9.436   -8.925   -5.786
   -4.881   -4.351   -4.313   -4.162   -3.817   -3.745   -3.295   -3.149   -2.525   -2.464
   -2.271   -2.138   -2.056   -1.850   -1.693   -1.374   -0.808    0.132    0.349    0.405
    0.862    1.020    1.215    1.320    1.593    1.847    4.020    4.182    4.272    4.356
    4.523    4.547    4.723    4.863    4.906    5.064    5.080    5.176    5.538    5.658
    5.921    6.002    6.211    6.378
            0.500000  0.146624  0.000000
  -13.050  -13.045  -12.779  -12.716  -12.551  -12.331  -10.157   -9.458   -8.958   -5.769
   -4.879   -4.418   -4.370   -4.250   -3.907   -3.807   -3.353   -3.173   -2.459   -2.430
   -2.276   -2.076   -2.049   -1.838   -1.618   -1.373   -0.799    0.135    0.377    0.431
    0.878    0.995    1.247    1.330    1.605    1.839    4.060    4.215    4.296    4.376
    4.540    4.547    4.740    4.887    4.903    5.088    5.106    5.195    5.559    5.667
    5.917    6.028    6.238    6.399
            0.500000  0.167571  0.000000
  -13.031  -13.031  -12.761  -12.704  -12.533  -12.326  -10.170   -9.484   -8.996   -5.750
   -4.880   -4.518   -4.411   -4.327   -3.992   -3.874   -3.413   -3.206   -2.410   -2.401
   -2.277   -2.033   -2.012   -1.815   -1.537   -1.384   -0.791    0.148    0.416    0.429
    0.927    0.962    1.267    1.343    1.626    1.822    4.099    4.247    4.327    4.394
    4.539    4.577    4.759    4.879    4.951    5.117    5.136    5.221    5.583    5.677
    5.922    6.045    6.267    6.422
            0.500000  0.188517  0.000000
  -13.015  -13.010  -12.741  -12.692  -12.514  -12.321  -10.185   -9.513   -9.039   -5.728
   -4.889   -4.609   -4.490   -4.377   -4.068   -3.945   -3.474   -3.247   -2.408   -2.349
   -2.269   -2.003   -1.966   -1.775   -1.459   -1.399   -0.786    0.167    0.410    0.465
    0.921    1.000    1.280    1.357    1.651    1.797    4.134    4.271    4.365    4.413
    4.553    4.614    4.782    4.883    5.007    5.151    5.170    5.253    5.610    5.690
    5.936    6.053    6.300    6.442
            0.500000  0.209463  0.000000
  -12.998  -12.987  -12.718  -12.678  -12.492  -12.315  -10.202   -9.546   -9.085   -5.704
   -4.913   -4.683   -4.588   -4.418   -4.135   -4.017   -3.533   -3.294   -2.419   -2.300
   -2.254   -1.960   -1.946   -1.728   -1.403   -1.388   -0.786    0.189    0.389    0.518
    0.878    1.082    1.289    1.372    1.676    1.763    4.163    4.275    4.410    4.442
    4.585    4.659    4.808    4.898    5.069    5.189    5.206    5.290    5.641    5.706
    5.958    6.052    6.337    6.443
            0.500000  0.230410  0.000000
  -12.979  -12.961  -12.694  -12.663  -12.469  -12.309  -10.221   -9.581   -9.136   -5.678
   -4.959   -4.733   -4.690   -4.465   -4.190   -4.088   -3.590   -3.346   -2.432   -2.255
   -2.238   -1.942   -1.908   -1.706   -1.373   -1.326   -0.792    0.210    0.374    0.565
    0.847    1.165    1.297    1.387    1.694    1.723    4.186    4.258    4.459    4.482
    4.634    4.711    4.842    4.924    5.137    5.234    5.245    5.333    5.674    5.726
    5.989    6.048    6.376    6.447
            0.500000  0.251356  0.000000
  -12.959  -12.934  -12.667  -12.646  -12.443  -12.303  -10.242   -9.620   -9.190   -5.651
   -5.026   -4.793   -4.763   -4.521   -4.233   -4.155   -3.644   -3.402   -2.444   -2.222
   -2.215   -1.946   -1.851   -1.717   -1.303   -1.276   -0.807    0.229    0.372    0.584
    0.848    1.242    1.306    1.400    1.682    1.704    4.203    4.232    4.510    4.526
    4.697    4.765    4.888    4.960    5.208    5.286    5.289    5.379    5.711    5.753
    6.024    6.045    6.414    6.456
            0.500000  0.272302  0.000000
  -12.938  -12.904  -12.640  -12.629  -12.415  -12.297  -10.264   -9.662   -9.247   -5.622
   -5.102   -4.894   -4.785   -4.584   -4.268   -4.214   -3.696   -3.459   -2.453   -2.205
   -2.182   -1.955   -1.793   -1.745   -1.236   -1.211   -0.830    0.244    0.386    0.565
    0.892    1.308    1.315    1.404    1.646    1.703    4.203    4.216    4.562    4.570
    4.766    4.815    4.951    5.006    5.275    5.329    5.360    5.430    5.751    5.788
    6.047    6.064    6.429    6.482
            0.500000  0.293249  0.000000
  -12.915  -12.874  -12.611  -12.610  -12.386  -12.290  -10.289   -9.706   -9.308   -5.593
   -5.181   -4.991   -4.807   -4.652   -4.297   -4.263   -3.745   -3.518   -2.459   -2.188
   -2.160   -1.971   -1.768   -1.737   -1.206   -1.112   -0.860    0.248    0.414    0.530
    0.963    1.325    1.355    1.397    1.628    1.692    4.173    4.224    4.613    4.615
    4.834    4.861    5.029    5.063    5.335    5.373    5.449    5.484    5.796    5.831
    6.060    6.106    6.413    6.429
            0.500000  0.314195  0.000000
  -12.891  -12.841  -12.592  -12.580  -12.356  -12.283  -10.315   -9.752   -9.371   -5.564
   -5.259   -5.082   -4.833   -4.722   -4.322   -4.299   -3.794   -3.575   -2.460   -2.171
   -2.153   -1.996   -1.775   -1.685   -1.187   -1.014   -0.892    0.237    0.454    0.502
    1.042    1.334    1.336    1.422    1.630    1.671    4.146    4.229    4.656    4.667
    4.893    4.906    5.113    5.128    5.393    5.421    5.543    5.552    5.845    5.883
    6.087    6.150    6.369    6.377
            0.500000  0.335141  0.000000
  -12.867  -12.808  -12.572  -12.549  -12.324  -12.276  -10.342   -9.801   -9.437   -5.541
   -5.335   -5.163   -4.866   -4.793   -4.344   -4.323   -3.841   -3.632   -2.458   -2.162
   -2.153   -2.026   -1.760   -1.641   -1.179   -0.921   -0.919    0.210    0.490    0.502
    1.122    1.277    1.347    1.460    1.641    1.644    4.120    4.230    4.698    4.721
    4.941    4.952    5.194    5.196    5.453    5.472    5.607    5.664    5.900    5.943
    6.126    6.190    6.314    6.337
            0.500000  0.356088  0.000000
  -12.841  -12.774  -12.550  -12.517  -12.292  -12.268  -10.370   -9.852   -9.505   -5.528
   -5.408   -5.226   -4.902   -4.865   -4.363   -4.335   -3.887   -3.688   -2.453   -2.185
   -2.135   -2.056   -1.731   -1.607   -1.184   -0.934   -0.839    0.172    0.495    0.555
    1.197    1.209    1.358    1.495    1.606    1.659    4.098    4.228    4.740    4.776
    4.977    5.000    5.255    5.269    5.514    5.527    5.673    5.779    5.961    6.006
    6.166    6.207    6.286    6.334
            0.500000  0.377034  0.000000
  -12.815  -12.740  -12.528  -12.486  -12.259  -12.259  -10.400   -9.903   -9.574   -5.536
   -5.478   -5.262   -4.941   -4.936   -4.379   -4.339   -3.933   -3.743   -2.445   -2.217
   -2.118   -2.084   -1.691   -1.584   -1.200   -0.935   -0.771    0.134    0.511    0.607
    1.138    1.261    1.366    1.528    1.572    1.669    4.079    4.224    4.779    4.832
    5.002    5.050    5.308    5.327    5.578    5.578    5.735    5.883    6.028    6.054
    6.175    6.214    6.323    6.390
            0.500000  0.397980  0.000000
  -12.788  -12.707  -12.503  -12.457  -12.248  -12.226  -10.429   -9.956   -9.645   -5.570
   -5.544   -5.266   -5.004   -4.979   -4.393   -4.338   -3.976   -3.798   -2.435   -2.253
   -2.109   -2.102   -1.647   -1.573   -1.222   -0.921   -0.721    0.106    0.533    0.655
    1.071    1.311    1.366    1.549    1.560    1.672    4.064    4.218    4.814    4.888
    5.020    5.102    5.356    5.368    5.617    5.646    5.789    5.940    6.083    6.091
    6.177    6.278    6.415    6.477
            0.500000  0.418927  0.000000
  -12.760  -12.674  -12.477  -12.431  -12.235  -12.193  -10.459  -10.010   -9.716   -5.620
   -5.606   -5.250   -5.068   -5.015   -4.404   -4.334   -4.017   -3.852   -2.422   -2.289
   -2.132   -2.090   -1.600   -1.573   -1.245   -0.897   -0.693    0.093    0.558    0.691
    1.013    1.336    1.354    1.552    1.589    1.671    4.053    4.211    4.838    4.944
    5.037    5.155    5.393    5.399    5.638    5.716    5.837    5.931    6.133    6.137
    6.206    6.382    6.537    6.578
            0.500000  0.439873  0.000000
  -12.733  -12.643  -12.448  -12.409  -12.219  -12.161  -10.487  -10.063   -9.787   -5.677
   -5.665   -5.232   -5.116   -5.046   -4.413   -4.333   -4.053   -3.907   -2.409   -2.322
   -2.154   -2.082   -1.578   -1.554   -1.267   -0.867   -0.686    0.098    0.585    0.706
    0.977    1.301    1.369    1.578    1.605    1.672    4.047    4.203    4.845    4.994
    5.059    5.207    5.406    5.432    5.646    5.788    5.883    5.904    6.158    6.200
    6.253    6.481    6.669    6.684
            0.500000  0.460819  0.000000
  -12.705  -12.615  -12.417  -12.392  -12.199  -12.131  -10.514  -10.116   -9.859   -5.733
   -5.721   -5.246   -5.122   -5.071   -4.419   -4.338   -4.081   -3.963   -2.395   -2.351
   -2.174   -2.078   -1.585   -1.511   -1.287   -0.834   -0.696    0.119    0.612    0.692
    0.970    1.250    1.383    1.599    1.614    1.689    4.046    4.195    4.834    5.032
    5.089    5.256    5.419    5.447    5.656    5.843    5.897    5.923    6.182    6.264
    6.307    6.537    6.765    6.771
            0.500000  0.481766  0.000000
  -12.677  -12.590  -12.384  -12.380  -12.176  -12.104  -10.539  -10.167   -9.929   -5.787
   -5.772   -5.292   -5.091   -5.089   -4.422   -4.353   -4.097   -4.019   -2.383   -2.377
   -2.191   -2.078   -1.589   -1.472   -1.305   -0.801   -0.717    0.151    0.636    0.657
    0.985    1.197    1.392    1.576    1.650    1.715    4.050    4.187    4.808    5.051
    5.123    5.303    5.442    5.443    5.677    5.840    5.958    5.959    6.219    6.326
    6.367    6.548    6.831    6.840
            0.500000  0.502712  0.000000
  -12.650  -12.568  -12.374  -12.348  -12.150  -12.079  -10.561  -10.217   -9.998   -5.836
   -5.819   -5.342   -5.105   -5.042   -4.424   -4.379   -4.102   -4.076   -2.400   -2.374
   -2.205   -2.080   -1.590   -1.440   -1.322   -0.771   -0.741    0.189    0.615    0.655
    1.009    1.148    1.399    1.544    1.683    1.745    4.059    4.180    4.771    5.044
    5.158    5.349    5.425    5.483    5.704    5.831    5.992    6.040    6.271    6.383
    6.432    6.536    6.884    6.911
            0.500000  0.523659  0.000000
  -12.623  -12.548  -12.372  -12.311  -12.122  -12.058  -10.578  -10.264  -10.065   -5.880
   -5.862   -5.391   -5.113   -4.990   -4.423   -4.414   -4.134   -4.098   -2.420   -2.369
   -2.216   -2.082   -1.588   -1.417   -1.336   -0.762   -0.744    0.228    0.574    0.665
    1.036    1.109    1.404    1.508    1.710    1.773    4.073    4.174    4.727    5.018
    5.187    5.398    5.405    5.535    5.727    5.829    6.035    6.125    6.335    6.414
    6.499    6.536    6.935    6.977
            0.500000  0.544605  0.000000
  -12.597  -12.532  -12.374  -12.273  -12.095  -12.043  -10.591  -10.307  -10.129   -5.918
   -5.899   -5.435   -5.116   -4.935   -4.452   -4.422   -4.193   -4.089   -2.438   -2.371
   -2.222   -2.080   -1.584   -1.404   -1.346   -0.776   -0.723    0.267    0.539    0.662
    1.060    1.083    1.407    1.471    1.733    1.800    4.092    4.170    4.679    4.980
    5.205    5.391    5.445    5.595    5.746    5.836    6.092    6.212    6.399    6.407
    6.567    6.574    6.979    7.032
            0.500000  0.565551  0.000000
  -12.572  -12.518  -12.379  -12.235  -12.070  -12.032  -10.599  -10.345  -10.189   -5.951
   -5.932   -5.474   -5.115   -4.878   -4.491   -4.419   -4.253   -4.078   -2.453   -2.377
   -2.225   -2.073   -1.582   -1.400   -1.352   -0.783   -0.708    0.305    0.512    0.647
    1.072    1.080    1.408    1.434    1.751    1.824    4.115    4.168    4.629    4.940
    5.208    5.387    5.485    5.658    5.763    5.855    6.161    6.290    6.372    6.481
    6.627    6.631    6.976    7.063
            0.500000  0.586498  0.000000
  -12.549  -12.507  -12.387  -12.198  -12.047  -12.028  -10.601  -10.379  -10.244   -5.977
   -5.959   -5.507   -5.110   -4.820   -4.528   -4.417   -4.313   -4.066   -2.467   -2.387
   -2.225   -2.063   -1.583   -1.403   -1.353   -0.783   -0.698    0.340    0.493    0.621
    1.073    1.096    1.401    1.407    1.764    1.845    4.141    4.167    4.580    4.900
    5.200    5.391    5.515    5.724    5.780    5.885    6.238    6.285    6.421    6.554
    6.672    6.691    6.916    7.042
            0.500000  0.607444  0.000000
  -12.527  -12.499  -12.396  -12.162  -12.030  -12.028  -10.598  -10.406  -10.293   -5.998
   -5.980   -5.533   -5.104   -4.760   -4.560   -4.417   -4.372   -4.056   -2.478   -2.398
   -2.222   -2.052   -1.587   -1.411   -1.351   -0.778   -0.694    0.373    0.480    0.588
    1.081    1.108    1.374    1.405    1.773    1.861    4.167    4.170    4.533    4.866
    5.187    5.399    5.535    5.790    5.798    5.925    6.235    6.320    6.511    6.617
    6.689    6.744    6.875    6.995
            0.500000  0.628390  0.000000
  -12.508  -12.493  -12.406  -12.130  -12.038  -12.013  -10.593  -10.425  -10.333   -6.013
   -5.995   -5.551   -5.098   -4.701   -4.586   -4.441   -4.405   -4.048   -2.486   -2.407
   -2.220   -2.041   -1.592   -1.420   -1.346   -0.771   -0.692    0.404    0.473    0.554
    1.091    1.115    1.353    1.403    1.779    1.873    4.168    4.197    4.491    4.840
    5.175    5.406    5.547    5.813    5.851    5.968    6.179    6.398    6.590    6.664
    6.685    6.782    6.876    6.954
            0.500000  0.649337  0.000000
  -12.494  -12.489  -12.415  -12.101  -12.051  -12.004  -10.586  -10.438  -10.359   -6.022
   -6.004   -5.563   -5.093   -4.646   -4.602   -4.494   -4.407   -4.043   -2.491   -2.413
   -2.218   -2.034   -1.596   -1.426   -1.342   -0.766   -0.692    0.432    0.470    0.522
    1.099    1.118    1.341    1.402    1.782    1.881    4.169    4.220    4.461    4.823
    5.166    5.410    5.553    5.824    5.899    6.011    6.125    6.464    6.598    6.689
    6.746    6.793    6.887    6.938
            0.500000  0.670283  0.000000
  -12.488  -12.488  -12.419  -12.084  -12.063  -12.001  -10.584  -10.442  -10.369   -6.025
   -6.008   -5.567   -5.091   -4.613   -4.607   -4.527   -4.407   -4.041   -2.493   -2.415
   -2.217   -2.031   -1.598   -1.429   -1.341   -0.764   -0.692    0.447    0.469    0.506
    1.101    1.119    1.336    1.401    1.783    1.883    4.169    4.228    4.449    4.818
    5.163    5.412    5.555    5.828    5.918    6.039    6.091    6.492    6.589    6.696
    6.788    6.820    6.866    6.938
            0.484375  0.670283  0.000000
  -12.494  -12.488  -12.421  -12.081  -12.061  -11.998  -10.584  -10.442  -10.369   -6.023
   -6.006   -5.565   -5.092   -4.626   -4.601   -4.516   -4.411   -4.038   -2.499   -2.413
   -2.222   -2.028   -1.608   -1.433   -1.331   -0.770   -0.698    0.407    0.505    0.518
    1.084    1.142    1.305    1.432    1.783    1.883    4.163    4.222    4.449    4.832
    5.157    5.398    5.570    5.825    5.916    6.039    6.092    6.487    6.581    6.706
    6.758    6.815    6.896    6.924
            0.468750  0.670283  0.000000
  -12.503  -12.491  -12.430  -12.072  -12.054  -11.990  -10.584  -10.443  -10.370   -6.019
   -6.001   -5.561   -5.096   -4.648   -4.591   -4.492   -4.421   -4.027   -2.514   -2.409
   -2.237   -2.022   -1.634   -1.447   -1.307   -0.786   -0.716    0.367    0.506    0.581
    1.068    1.172    1.258    1.483    1.782    1.883    4.145    4.205    4.452    4.873
    5.141    5.368    5.602    5.815    5.912    6.039    6.097    6.475    6.566    6.692
    6.749    6.798    6.912    6.946
            0.453125  0.670283  0.000000
  -12.516  -12.499  -12.442  -12.058  -12.042  -11.976  -10.585  -10.444  -10.371   -6.012
   -5.993   -5.554   -5.101   -4.673   -4.577   -4.464   -4.435   -4.011   -2.535   -2.409
   -2.257   -2.014   -1.667   -1.469   -1.277   -0.813   -0.744    0.336    0.506    0.650
    1.060    1.177    1.236    1.536    1.781    1.882    4.116    4.178    4.459    4.932
    5.114    5.336    5.638    5.801    5.904    6.033    6.109    6.457    6.554    6.644
    6.752    6.804    6.913    6.948
            0.437500  0.670283  0.000000
  -12.531  -12.511  -12.459  -12.041  -12.026  -11.957  -10.586  -10.446  -10.373   -6.002
   -5.983   -5.545   -5.107   -4.699   -4.561   -4.458   -4.427   -3.991   -2.560   -2.416
   -2.282   -2.007   -1.700   -1.500   -1.249   -0.848   -0.779    0.316    0.503    0.722
    1.059    1.140    1.262    1.590    1.781    1.881    4.078    4.146    4.470    5.003
    5.079    5.309    5.668    5.786    5.897    6.022    6.126    6.433    6.546    6.599
    6.728    6.834    6.919    6.942
            0.421875  0.670283  0.000000
  -12.549  -12.526  -12.477  -12.022  -12.006  -11.936  -10.587  -10.449  -10.376   -5.990
   -5.969   -5.533   -5.114   -4.724   -4.550   -4.467   -4.396   -3.969   -2.586   -2.433
   -2.308   -2.004   -1.728   -1.537   -1.228   -0.892   -0.819    0.305    0.498    0.795
    1.043    1.121    1.294    1.644    1.782    1.880    4.033    4.109    4.484    5.034
    5.084    5.289    5.681    5.774    5.896    6.005    6.145    6.408    6.521    6.578
    6.704    6.849    6.909    6.972
            0.406250  0.670283  0.000000
  -12.568  -12.544  -12.498  -12.001  -11.982  -11.911  -10.589  -10.452  -10.379   -5.975
   -5.952   -5.518   -5.121   -4.748   -4.555   -4.459   -4.362   -3.947   -2.613   -2.460
   -2.337   -2.003   -1.751   -1.579   -1.219   -0.941   -0.859    0.302    0.491    0.867
    1.001    1.140    1.323    1.697    1.787    1.879    3.985    4.069    4.497    4.989
    5.162    5.281    5.675    5.765    5.906    5.986    6.163    6.388    6.479    6.574
    6.690    6.844    6.893    7.025
            0.390625  0.670283  0.000000
  -12.588  -12.563  -12.519  -11.978  -11.957  -11.884  -10.591  -10.456  -10.382   -5.957
   -5.932   -5.501   -5.127   -4.770   -4.576   -4.434   -4.328   -3.924   -2.642   -2.495
   -2.367   -2.007   -1.769   -1.624   -1.225   -0.993   -0.895    0.305    0.486    0.918
    0.970    1.176    1.345    1.750    1.796    1.879    3.935    4.025    4.508    4.940
    5.228    5.294    5.658    5.750    5.926    5.967    6.171    6.382    6.433    6.562
    6.694    6.824    6.882    7.089
            0.375000  0.670283  0.000000
  -12.609  -12.583  -12.541  -11.954  -11.930  -11.856  -10.593  -10.460  -10.386   -5.937
   -5.910   -5.483   -5.131   -4.790   -4.603   -4.400   -4.294   -3.903   -2.673   -2.537
   -2.399   -2.015   -1.786   -1.666   -1.250   -1.047   -0.926    0.311    0.485    0.884
    1.023    1.218    1.359    1.796    1.812    1.887    3.885    3.978    4.514    4.892
    5.262    5.344    5.637    5.730    5.934    5.972    6.164    6.386    6.399    6.541
    6.706    6.798    6.878    7.139
            0.359375  0.670283  0.000000
  -12.630  -12.604  -12.564  -11.930  -11.902  -11.827  -10.595  -10.465  -10.390   -5.914
   -5.885   -5.462   -5.134   -4.809   -4.632   -4.363   -4.260   -3.884   -2.705   -2.585
   -2.430   -2.030   -1.811   -1.699   -1.293   -1.101   -0.951    0.320    0.492    0.835
    1.089    1.263    1.364    1.807    1.854    1.913    3.833    3.927    4.515    4.846
    5.284    5.398    5.622    5.708    5.921    6.006    6.144    6.346    6.424    6.519
    6.712    6.770    6.882    7.133
            0.343750  0.670283  0.000000
  -12.651  -12.625  -12.586  -11.904  -11.874  -11.796  -10.598  -10.470  -10.395   -5.889
   -5.857   -5.439   -5.134   -4.826   -4.662   -4.324   -4.226   -3.868   -2.740   -2.638
   -2.458   -2.053   -1.846   -1.716   -1.348   -1.154   -0.974    0.328    0.505    0.788
    1.153    1.308    1.360    1.803    1.900    1.958    3.781    3.872    4.508    4.805
    5.310    5.431    5.615    5.687    5.911    6.048    6.121    6.306    6.441    6.520
    6.705    6.744    6.896    7.130
            0.328125  0.670283  0.000000
  -12.672  -12.646  -12.608  -11.878  -11.846  -11.765  -10.601  -10.475  -10.399   -5.862
   -5.827   -5.415   -5.132   -4.842   -4.692   -4.284   -4.191   -3.854   -2.779   -2.694
   -2.482   -2.088   -1.887   -1.725   -1.408   -1.206   -0.997    0.337    0.526    0.745
    1.212    1.334    1.367    1.793    1.950    2.014    3.729    3.815    4.493    4.769
    5.339    5.439    5.612    5.670    5.908    6.069    6.129    6.268    6.426    6.551
    6.693    6.721    6.916    7.131
            0.312500  0.670283  0.000000
  -12.693  -12.667  -12.630  -11.853  -11.817  -11.734  -10.603  -10.481  -10.404   -5.833
   -5.795   -5.390   -5.127   -4.855   -4.722   -4.247   -4.154   -3.844   -2.824   -2.748
   -2.500   -2.136   -1.928   -1.730   -1.468   -1.258   -1.024    0.346    0.551    0.708
    1.265    1.321    1.406    1.779    2.006    2.074    3.675    3.756    4.469    4.740
    5.368    5.432    5.604    5.658    5.912    6.047    6.191    6.234    6.402    6.576
    6.684    6.712    6.935    7.139
            0.296875  0.670283  0.000000
  -12.713  -12.688  -12.651  -11.827  -11.790  -11.702  -10.606  -10.487  -10.410   -5.801
   -5.761   -5.364   -5.120   -4.866   -4.750   -4.212   -4.116   -3.837   -2.877   -2.798
   -2.512   -2.196   -1.968   -1.739   -1.522   -1.308   -1.055    0.355    0.578    0.680
    1.297    1.313    1.445    1.766    2.066    2.137    3.621    3.695    4.439    4.716
    5.388    5.427    5.589    5.646    5.921    6.020    6.196    6.276    6.376    6.572
    6.665    6.746    6.950    7.155
            0.281250  0.670283  0.000000
  -12.733  -12.708  -12.671  -11.801  -11.762  -11.671  -10.610  -10.493  -10.415   -5.769
   -5.725   -5.337   -5.109   -4.876   -4.776   -4.183   -4.076   -3.833   -2.937   -2.841
   -2.519   -2.263   -2.012   -1.754   -1.568   -1.355   -1.090    0.363    0.600    0.667
    1.273    1.352    1.476    1.757    2.130    2.201    3.566    3.634    4.403    4.696
    5.382    5.443    5.573    5.631    5.933    5.994    6.165    6.338    6.379    6.552
    6.644    6.802    6.962    7.178
            0.265625  0.670283  0.000000
  -12.752  -12.728  -12.691  -11.776  -11.736  -11.639  -10.613  -10.500  -10.420   -5.734
   -5.688   -5.310   -5.096   -4.883   -4.800   -4.158   -4.037   -3.829   -3.002   -2.881
   -2.522   -2.334   -2.061   -1.775   -1.604   -1.398   -1.128    0.370    0.610    0.674
    1.248    1.388    1.496    1.756    2.195    2.265    3.510    3.572    4.364    4.677
    5.364    5.464    5.558    5.614    5.945    5.972    6.136    6.319    6.464    6.527
    6.628    6.863    6.970    7.207
            0.250000  0.670283  0.000000
  -12.770  -12.746  -12.710  -11.752  -11.710  -11.608  -10.616  -10.506  -10.426   -5.698
   -5.650   -5.282   -5.081   -4.890   -4.821   -4.140   -4.000   -3.821   -3.068   -2.920
   -2.519   -2.407   -2.118   -1.799   -1.635   -1.435   -1.168    0.374    0.614    0.696
    1.225    1.419    1.499    1.768    2.260    2.329    3.453    3.511    4.323    4.659
    5.344    5.480    5.544    5.597    5.952    5.958    6.110    6.294    6.499    6.536
    6.635    6.919    6.983    7.240
            0.234375  0.670283  0.000000
  -12.788  -12.764  -12.728  -11.729  -11.685  -11.578  -10.620  -10.513  -10.431   -5.661
   -5.611   -5.253   -5.066   -4.897   -4.836   -4.127   -3.973   -3.806   -3.134   -2.959
   -2.513   -2.479   -2.181   -1.824   -1.667   -1.465   -1.210    0.376    0.618    0.722
    1.204    1.444    1.491    1.790    2.325    2.392    3.395    3.449    4.283    4.641
    5.324    5.488    5.532    5.581    5.938    5.968    6.089    6.271    6.474    6.551
    6.693    6.955    7.016    7.273
            0.218750  0.670283  0.000000
  -12.804  -12.781  -12.745  -11.706  -11.662  -11.548  -10.624  -10.520  -10.436   -5.623
   -5.572   -5.223   -5.052   -4.903   -4.845   -4.119   -3.958   -3.778   -3.199   -3.000
   -2.549   -2.504   -2.249   -1.847   -1.702   -1.489   -1.251    0.377    0.624    0.749
    1.186    1.447    1.495    1.819    2.388    2.454    3.338    3.389    4.242    4.622
    5.304    5.484    5.523    5.568    5.927    5.973    6.076    6.248    6.450    6.542
    6.762    6.974    7.074    7.305
            0.203125  0.670283  0.000000
  -12.820  -12.797  -12.761  -11.685  -11.640  -11.519  -10.628  -10.526  -10.441   -5.584
   -5.533   -5.192   -5.042   -4.908   -4.847   -4.117   -3.953   -3.739   -3.261   -3.045
   -2.613   -2.493   -2.319   -1.869   -1.740   -1.510   -1.290    0.378    0.629    0.777
    1.171    1.423    1.520    1.849    2.449    2.514    3.282    3.330    4.203    4.603
    5.285    5.471    5.518    5.557    5.918    5.969    6.073    6.226    6.427    6.530
    6.810    7.002    7.137    7.334
            0.187500  0.670283  0.000000
  -12.834  -12.812  -12.776  -11.664  -11.619  -11.491  -10.632  -10.532  -10.446   -5.544
   -5.494   -5.160   -5.038   -4.910   -4.843   -4.121   -3.953   -3.694   -3.319   -3.094
   -2.672   -2.480   -2.389   -1.891   -1.777   -1.533   -1.324    0.381    0.631    0.805
    1.159    1.392    1.550    1.879    2.506    2.572    3.227    3.273    4.166    4.583
    5.266    5.453    5.514    5.547    5.912    5.957    6.079    6.206    6.407    6.519
    6.832    7.043    7.200    7.358
            0.171875  0.670283  0.000000
  -12.848  -12.826  -12.790  -11.645  -11.599  -11.464  -10.637  -10.537  -10.451   -5.504
   -5.456   -5.127   -5.039   -4.907   -4.835   -4.128   -3.954   -3.648   -3.372   -3.150
   -2.724   -2.474   -2.452   -1.915   -1.809   -1.561   -1.351    0.385    0.631    0.833
    1.149    1.360    1.582    1.907    2.559    2.627    3.174    3.218    4.130    4.564
    5.249    5.434    5.510    5.537    5.905    5.942    6.089    6.187    6.388    6.510
    6.835    7.085    7.256    7.379
            0.156250  0.670283  0.000000
  -12.860  -12.839  -12.802  -11.627  -11.581  -11.438  -10.642  -10.542  -10.455   -5.464
   -5.418   -5.097   -5.041   -4.902   -4.826   -4.137   -3.957   -3.605   -3.417   -3.211
   -2.769   -2.528   -2.452   -1.940   -1.835   -1.596   -1.371    0.390    0.630    0.857
    1.140    1.332    1.615    1.932    2.608    2.679    3.123    3.165    4.097    4.544
    5.232    5.414    5.506    5.527    5.898    5.927    6.098    6.169    6.373    6.504
    6.829    7.119    7.298    7.397
            0.140625  0.670283  0.000000
  -12.872  -12.851  -12.814  -11.611  -11.565  -11.414  -10.647  -10.546  -10.459   -5.424
   -5.382   -5.080   -5.032   -4.896   -4.817   -4.144   -3.959   -3.577   -3.443   -3.276
   -2.808   -2.590   -2.442   -1.967   -1.853   -1.635   -1.386    0.396    0.629    0.876
    1.133    1.308    1.649    1.953    2.651    2.727    3.076    3.116    4.066    4.526
    5.217    5.396    5.502    5.516    5.888    5.916    6.106    6.153    6.359    6.500
    6.820    7.139    7.326    7.408
            0.125000  0.670283  0.000000
  -12.882  -12.861  -12.825  -11.596  -11.550  -11.392  -10.652  -10.550  -10.463   -5.385
   -5.346   -5.083   -5.003   -4.890   -4.810   -4.147   -3.961   -3.579   -3.436   -3.345
   -2.843   -2.648   -2.435   -1.991   -1.865   -1.679   -1.396    0.401    0.631    0.886
    1.126    1.292    1.682    1.970    2.688    2.772    3.032    3.071    4.037    4.509
    5.203    5.379    5.497    5.506    5.875    5.908    6.111    6.140    6.348    6.499
    6.809    7.149    7.343    7.412
            0.109375  0.670283  0.000000
  -12.891  -12.871  -12.834  -11.583  -11.537  -11.372  -10.658  -10.553  -10.466   -5.348
   -5.310   -5.093   -4.968   -4.886   -4.808   -4.144   -3.964   -3.603   -3.424   -3.397
   -2.872   -2.700   -2.432   -2.011   -1.872   -1.724   -1.404    0.406    0.636    0.885
    1.120    1.286    1.715    1.983    2.719    2.812    2.993    3.030    4.011    4.493
    5.191    5.364    5.493    5.496    5.862    5.901    6.112    6.129    6.339    6.501
    6.796    7.150    7.352    7.412
            0.093750  0.670283  0.000000
  -12.899  -12.879  -12.842  -11.571  -11.525  -11.354  -10.663  -10.555  -10.469   -5.314
   -5.273   -5.103   -4.934   -4.883   -4.811   -4.133   -3.967   -3.633   -3.490   -3.365
   -2.898   -2.746   -2.434   -2.024   -1.875   -1.768   -1.411    0.410    0.645    0.875
    1.113    1.289    1.745    1.993    2.743    2.848    2.958    2.996    3.988    4.479
    5.180    5.351    5.486    5.491    5.849    5.896    6.107    6.124    6.333    6.505
    6.783    7.145    7.356    7.413
            0.078125  0.670283  0.000000
  -12.905  -12.886  -12.849  -11.561  -11.515  -11.338  -10.668  -10.557  -10.472   -5.283
   -5.236   -5.114   -4.904   -4.883   -4.816   -4.113   -3.969   -3.661   -3.562   -3.330
   -2.917   -2.786   -2.440   -2.031   -1.874   -1.812   -1.417    0.413    0.657    0.858
    1.106    1.300    1.772    1.999    2.760    2.878    2.927    2.971    3.968    4.467
    5.171    5.339    5.478    5.488    5.838    5.891    6.099    6.122    6.327    6.510
    6.770    7.138    7.357    7.413
            0.062500  0.670283  0.000000
  -12.911  -12.891  -12.855  -11.553  -11.507  -11.324  -10.673  -10.558  -10.474   -5.257
   -5.199   -5.123   -4.893   -4.876   -4.819   -4.085   -3.971   -3.687   -3.631   -3.300
   -2.931   -2.820   -2.449   -2.032   -1.872   -1.852   -1.423    0.415    0.672    0.837
    1.099    1.315    1.795    2.003    2.769    2.894    2.908    2.955    3.951    4.457
    5.163    5.330    5.471    5.486    5.828    5.886    6.091    6.120    6.324    6.516
    6.757    7.130    7.357    7.415
            0.046875  0.670283  0.000000
  -12.915  -12.896  -12.859  -11.546  -11.501  -11.314  -10.676  -10.559  -10.476   -5.234
   -5.167   -5.128   -4.907   -4.865   -4.812   -4.050   -3.971   -3.714   -3.695   -3.276
   -2.938   -2.849   -2.458   -2.027   -1.890   -1.869   -1.428    0.417    0.689    0.814
    1.091    1.330    1.814    2.005    2.773    2.876    2.921    2.950    3.938    4.449
    5.157    5.323    5.465    5.484    5.821    5.883    6.084    6.118    6.321    6.522
    6.746    7.123    7.356    7.416
            0.031250  0.670283  0.000000
  -12.918  -12.899  -12.862  -11.542  -11.497  -11.306  -10.679  -10.560  -10.477   -5.214
   -5.157   -5.113   -4.928   -4.861   -4.800   -4.014   -3.965   -3.769   -3.720   -3.259
   -2.938   -2.873   -2.467   -2.018   -1.922   -1.865   -1.432    0.418    0.706    0.791
    1.085    1.343    1.827    2.005    2.773    2.859    2.929    2.953    3.928    4.443
    5.153    5.318    5.461    5.483    5.815    5.880    6.079    6.117    6.319    6.527
    6.736    7.118    7.354    7.418
            0.015625  0.670283  0.000000
  -12.920  -12.901  -12.864  -11.539  -11.494  -11.301  -10.681  -10.560  -10.478   -5.198
   -5.164   -5.089   -4.949   -4.860   -4.791   -3.993   -3.938   -3.831   -3.731   -3.250
   -2.934   -2.890   -2.473   -2.005   -1.949   -1.863   -1.435    0.419    0.723    0.771
    1.081    1.351    1.836    2.005    2.773    2.848    2.931    2.958    3.922    4.440
    5.151    5.315    5.459    5.482    5.812    5.878    6.076    6.116    6.318    6.531
    6.730    7.114    7.353    7.418
            0.000000  0.670283  0.000000
  -12.921  -12.901  -12.865  -11.538  -11.493  -11.300  -10.682  -10.560  -10.478   -5.191
   -5.169   -5.077   -4.958   -4.860   -4.787   -3.990   -3.893   -3.883   -3.735   -3.247
   -2.930   -2.898   -2.475   -1.996   -1.962   -1.862   -1.436    0.420    0.734    0.759
    1.080    1.354    1.839    2.005    2.772    2.844    2.932    2.961    3.921    4.439
    5.150    5.314    5.458    5.482    5.810    5.878    6.075    6.116    6.318    6.532
    6.728    7.113    7.353    7.419
            0.000000  0.649337  0.000000
  -12.951  -12.875  -12.868  -11.537  -11.490  -11.296  -10.685  -10.559  -10.479   -5.191
   -5.172   -5.074   -4.956   -4.857   -4.785   -3.993   -3.906   -3.875   -3.717   -3.252
   -2.921   -2.902   -2.473   -1.999   -1.964   -1.854   -1.437    0.421    0.738    0.754
    1.079    1.356    1.844    1.999    2.775    2.848    2.932    2.956    3.923    4.437
    5.137    5.265    5.496    5.502    5.745    5.931    6.089    6.104    6.305    6.565
    6.724    7.089    7.374    7.392
            0.000000  0.628390  0.000000
  -12.993  -12.877  -12.846  -11.534  -11.480  -11.284  -10.693  -10.556  -10.482   -5.192
   -5.180   -5.065   -4.949   -4.850   -4.779   -3.999   -3.933   -3.853   -3.675   -3.268
   -2.914   -2.895   -2.470   -2.003   -1.971   -1.835   -1.438    0.425    0.740    0.749
    1.075    1.365    1.861    1.982    2.781    2.858    2.934    2.942    3.932    4.431
    5.103    5.179    5.533    5.556    5.674    5.967    6.066    6.147    6.291    6.637
    6.714    7.031    7.328    7.417
            0.000000  0.607444  0.000000
  -13.038  -12.892  -12.822  -11.528  -11.464  -11.265  -10.707  -10.551  -10.487   -5.194
   -5.190   -5.053   -4.937   -4.838   -4.768   -4.007   -3.963   -3.820   -3.621   -3.289
   -2.932   -2.855   -2.468   -2.004   -1.980   -1.808   -1.441    0.432    0.720    0.766
    1.063    1.384    1.885    1.954    2.790    2.876    2.919    2.937    3.946    4.422
    5.057    5.088    5.511    5.583    5.701    5.970    6.006    6.240    6.296    6.692
    6.723    6.953    7.248    7.440
            0.000000  0.586498  0.000000
  -13.086  -12.912  -12.804  -11.518  -11.442  -11.242  -10.723  -10.547  -10.493   -5.199
   -5.196   -5.040   -4.921   -4.823   -4.753   -4.013   -3.989   -3.777   -3.562   -3.313
   -2.951   -2.808   -2.470   -1.995   -1.992   -1.779   -1.445    0.442    0.697    0.789
    1.042    1.413    1.915    1.916    2.799    2.885    2.902    2.944    3.966    4.410
    4.997    5.008    5.421    5.635    5.755    5.940    5.970    6.313    6.343    6.652
    6.809    6.858    7.164    7.401
            0.000000  0.565551  0.000000
  -13.135  -12.937  -12.793  -11.504  -11.416  -11.214  -10.743  -10.543  -10.501   -5.208
   -5.198   -5.027   -4.902   -4.805   -4.736   -4.017   -4.008   -3.725   -3.500   -3.337
   -2.970   -2.755   -2.478   -2.004   -1.977   -1.748   -1.451    0.457    0.673    0.814
    1.013    1.452    1.871    1.946    2.803    2.847    2.932    2.956    3.990    4.394
    4.908    4.958    5.327    5.675    5.777    5.885    5.989    6.333    6.439    6.568
    6.782    6.873    7.096    7.350
            0.000000  0.544605  0.000000
  -13.185  -12.965  -12.788  -11.484  -11.385  -11.183  -10.764  -10.539  -10.511   -5.213
   -5.198   -5.015   -4.880   -4.785   -4.715   -4.020   -4.019   -3.665   -3.439   -3.359
   -2.983   -2.699   -2.491   -2.016   -1.951   -1.717   -1.458    0.477    0.650    0.840
    0.979    1.498    1.821    1.977    2.798    2.800    2.970    2.977    4.018    4.373
    4.822    4.912    5.233    5.670    5.758    5.874    6.024    6.343    6.411    6.526
    6.775    6.871    7.085    7.316
            0.000000  0.523659  0.000000
  -13.235  -12.997  -12.789  -11.459  -11.352  -11.151  -10.786  -10.538  -10.522   -5.215
   -5.197   -5.003   -4.857   -4.764   -4.692   -4.022   -4.016   -3.598   -3.382   -3.380
   -2.988   -2.644   -2.506   -2.024   -1.918   -1.687   -1.468    0.501    0.629    0.865
    0.943    1.549    1.769    2.004    2.748    2.781    3.007    3.014    4.049    4.348
    4.741    4.872    5.142    5.617    5.711    5.906    6.048    6.250    6.332    6.563
    6.823    6.836    7.100    7.282
            0.000000  0.502712  0.000000
  -13.286  -13.031  -12.795  -11.430  -11.317  -11.117  -10.808  -10.537  -10.534   -5.214
   -5.193   -4.992   -4.837   -4.739   -4.669   -4.015   -4.010   -3.525   -3.398   -3.334
   -2.981   -2.592   -2.521   -2.027   -1.882   -1.658   -1.479    0.529    0.611    0.885
    0.905    1.602    1.716    2.024    2.692    2.751    3.047    3.064    4.082    4.317
    4.665    4.840    5.054    5.545    5.642    5.936    6.001    6.140    6.302    6.588
    6.783    6.935    7.076    7.230
            0.000000  0.481766  0.000000
  -13.336  -13.066  -12.806  -11.396  -11.281  -11.083  -10.831  -10.547  -10.538   -5.208
   -5.188   -4.980   -4.824   -4.708   -4.646   -3.998   -3.998   -3.461   -3.399   -3.299
   -2.960   -2.546   -2.531   -2.021   -1.845   -1.630   -1.491    0.561    0.597    0.869
    0.898    1.654    1.666    2.037    2.634    2.709    3.094    3.120    4.113    4.280
    4.597    4.816    4.967    5.467    5.544    5.877    5.916    6.106    6.288    6.614
    6.759    7.028    7.040    7.163
            0.000000  0.460819  0.000000
  -13.385  -13.103  -12.822  -11.358  -11.245  -11.049  -10.853  -10.560  -10.540   -5.198
   -5.180   -4.969   -4.820   -4.668   -4.624   -3.980   -3.973   -3.452   -3.336   -3.274
   -2.930   -2.531   -2.508   -2.004   -1.811   -1.602   -1.504    0.587    0.596    0.836
    0.901    1.623    1.701    2.041    2.577    2.654    3.148    3.181    4.139    4.238
    4.539    4.802    4.882    5.387    5.416    5.765    5.830    6.073    6.319    6.634
    6.739    6.985    7.034    7.194
            0.000000  0.439873  0.000000
  -13.434  -13.140  -12.841  -11.317  -11.210  -11.016  -10.874  -10.574  -10.542   -5.184
   -5.169   -4.956   -4.824   -4.622   -4.605   -3.955   -3.940   -3.464   -3.256   -3.245
   -2.898   -2.514   -2.481   -1.975   -1.782   -1.573   -1.515    0.579    0.631    0.807
    0.891    1.589    1.739    2.036    2.522    2.586    3.206    3.247    4.152    4.191
    4.495    4.795    4.797    5.272    5.306    5.678    5.707    6.031    6.374    6.635
    6.717    6.952    6.952    7.275
            0.000000  0.418927  0.000000
  -13.481  -13.178  -12.862  -11.275  -11.179  -10.984  -10.892  -10.588  -10.546   -5.166
   -5.155   -4.942   -4.834   -4.589   -4.570   -3.924   -3.904   -3.477   -3.240   -3.147
   -2.872   -2.475   -2.463   -1.938   -1.759   -1.543   -1.523    0.573    0.664    0.785
    0.870    1.567    1.758    2.030    2.472    2.507    3.268    3.318    4.140    4.147
    4.467    4.706    4.798    5.134    5.222    5.573    5.607    5.979    6.425    6.601
    6.704    6.884    6.927    7.266
            0.000000  0.397980  0.000000
  -13.527  -13.215  -12.885  -11.232  -11.153  -10.954  -10.905  -10.601  -10.550   -5.144
   -5.138   -4.926   -4.848   -4.575   -4.514   -3.888   -3.865   -3.489   -3.223   -3.044
   -2.853   -2.450   -2.417   -1.897   -1.742   -1.524   -1.512    0.566    0.684    0.771
    0.847    1.555    1.746    2.031    2.415    2.427    3.333    3.393    4.087    4.124
    4.445    4.611    4.800    5.021    5.136    5.449    5.544    5.920    6.446    6.537
    6.717    6.835    6.903    7.239
            0.000000  0.377034  0.000000
  -13.572  -13.252  -12.910  -11.188  -11.134  -10.925  -10.912  -10.613  -10.555   -5.119
   -5.119   -4.907   -4.864   -4.563   -4.456   -3.849   -3.827   -3.498   -3.206   -2.940
   -2.835   -2.438   -2.344   -1.860   -1.731   -1.516   -1.482    0.558    0.674    0.767
    0.841    1.550    1.700    2.041    2.313    2.389    3.397    3.472    4.033    4.090
    4.404    4.521    4.795    4.946    5.050    5.343    5.487    5.854    6.430    6.462
    6.746    6.791    6.893    7.214
            0.000000  0.356088  0.000000
  -13.615  -13.288  -12.935  -11.145  -11.126  -10.910  -10.899  -10.623  -10.560   -5.098
   -5.091   -4.888   -4.879   -4.550   -4.397   -3.810   -3.790   -3.503   -3.190   -2.837
   -2.809   -2.421   -2.263   -1.832   -1.722   -1.495   -1.452    0.546    0.630    0.773
    0.861    1.549    1.627    2.048    2.201    2.361    3.458    3.554    3.978    4.054
    4.312    4.464    4.762    4.908    4.982    5.263    5.438    5.784    6.391    6.393
    6.739    6.746    6.926    7.187
            0.000000  0.335141  0.000000
  -13.656  -13.323  -12.961  -11.126  -11.104  -10.900  -10.876  -10.632  -10.564   -5.078
   -5.060   -4.892   -4.867   -4.535   -4.339   -3.777   -3.754   -3.502   -3.179   -2.768
   -2.739   -2.393   -2.182   -1.815   -1.711   -1.461   -1.423    0.531    0.569    0.788
    0.893    1.536    1.548    2.038    2.081    2.348    3.508    3.639    3.924    4.023
    4.192    4.423    4.687    4.895    4.945    5.212    5.399    5.713    6.329    6.348
    6.692    6.699    6.987    7.153
            0.000000  0.314195  0.000000
  -13.695  -13.357  -12.987  -11.134  -11.065  -10.886  -10.855  -10.637  -10.567   -5.062
   -5.028   -4.897   -4.847   -4.515   -4.283   -3.753   -3.718   -3.492   -3.175   -2.710
   -2.653   -2.346   -2.109   -1.809   -1.694   -1.419   -1.397    0.501    0.515    0.811
    0.928    1.435    1.544    1.954    2.000    2.355    3.540    3.722    3.873    3.995
    4.081    4.385    4.587    4.889    4.919    5.192    5.373    5.644    6.279    6.299
    6.624    6.654    7.042    7.101
            0.000000  0.293249  0.000000
  -13.731  -13.389  -13.012  -11.147  -11.029  -10.868  -10.838  -10.638  -10.570   -5.056
   -4.996   -4.889   -4.828   -4.487   -4.232   -3.742   -3.680   -3.473   -3.178   -2.633
   -2.583   -2.276   -2.050   -1.809   -1.663   -1.375   -1.371    0.435    0.496    0.839
    0.962    1.327    1.534    1.821    1.937    2.377    3.544    3.776    3.853    3.923
    4.039    4.353    4.483    4.876    4.889    5.200    5.361    5.585    6.239    6.249
    6.546    6.614    7.025    7.070
            0.000000  0.272302  0.000000
  -13.766  -13.420  -13.036  -11.162  -10.998  -10.851  -10.824  -10.635  -10.571   -5.060
   -4.963   -4.867   -4.812   -4.449   -4.187   -3.743   -3.640   -3.448   -3.185   -2.542
   -2.526   -2.187   -2.012   -1.810   -1.616   -1.345   -1.335    0.377    0.476    0.869
    0.994    1.216    1.517    1.684    1.853    2.406    3.515    3.745    3.826    3.919
    4.050    4.334    4.384    4.851    4.851    5.228    5.357    5.543    6.198    6.208
    6.467    6.581    6.931    7.066
            0.000000  0.251356  0.000000
  -13.799  -13.448  -13.060  -11.179  -10.971  -10.835  -10.812  -10.628  -10.570   -5.072
   -4.931   -4.834   -4.797   -4.401   -4.147   -3.752   -3.599   -3.423   -3.194   -2.473
   -2.441   -2.088   -1.991   -1.806   -1.557   -1.316   -1.303    0.329    0.454    0.900
    1.021    1.106    1.490    1.546    1.753    2.439    3.457    3.696    3.743    3.997
    4.064    4.298    4.339    4.811    4.815    5.268    5.347    5.529    6.149    6.184
    6.393    6.555    6.834    7.035
            0.000000  0.230410  0.000000
  -13.829  -13.475  -13.082  -11.195  -10.952  -10.822  -10.801  -10.617  -10.567   -5.088
   -4.904   -4.795   -4.781   -4.344   -4.113   -3.767   -3.558   -3.401   -3.203   -2.422
   -2.333   -1.993   -1.979   -1.790   -1.498   -1.284   -1.280    0.295    0.430    0.928
    1.001    1.041    1.403    1.461    1.641    2.472    3.376    3.646    3.679    4.051
    4.064    4.246    4.376    4.771    4.773    5.314    5.322    5.543    6.103    6.168
    6.330    6.530    6.750    6.990
            0.000000  0.209463  0.000000
  -13.856  -13.500  -13.103  -11.211  -10.938  -10.812  -10.789  -10.604  -10.563   -5.105
   -4.883   -4.761   -4.751   -4.279   -4.083   -3.786   -3.520   -3.384   -3.209   -2.369
   -2.228   -1.962   -1.922   -1.746   -1.448   -1.275   -1.233    0.278    0.403    0.897
    0.960    1.051    1.269    1.420    1.519    2.503    3.282    3.599    3.629    4.040
    4.049    4.264    4.436    4.731    4.732    5.289    5.361    5.572    6.065    6.158
    6.280    6.490    6.702    6.936
            0.000000  0.188517  0.000000
  -13.882  -13.522  -13.122  -11.226  -10.930  -10.805  -10.777  -10.589  -10.557   -5.123
   -4.870   -4.732   -4.706   -4.208   -4.055   -3.809   -3.489   -3.372   -3.212   -2.319
   -2.138   -1.923   -1.878   -1.673   -1.412   -1.274   -1.178    0.276    0.372    0.810
    0.979    1.036    1.149    1.379    1.390    2.533    3.184    3.554    3.589    3.987
    4.028    4.327    4.505    4.697    4.699    5.254    5.406    5.604    6.037    6.154
    6.245    6.433    6.698    6.875
            0.000000  0.167571  0.000000
  -13.904  -13.543  -13.139  -11.241  -10.927  -10.800  -10.765  -10.574  -10.550   -5.139
   -4.865   -4.697   -4.661   -4.133   -4.028   -3.833   -3.469   -3.366   -3.210   -2.276
   -2.078   -1.848   -1.847   -1.595   -1.386   -1.268   -1.121    0.287    0.339    0.736
    0.960    0.994    1.078    1.258    1.344    2.560    3.086    3.513    3.556    3.928
    4.005    4.396    4.553    4.673    4.694    5.218    5.446    5.631    6.020    6.156
    6.229    6.378    6.719    6.798
            0.000000  0.146624  0.000000
  -13.924  -13.561  -13.155  -11.253  -10.926  -10.797  -10.753  -10.559  -10.542   -5.155
   -4.864   -4.658   -4.619   -4.057   -3.999   -3.858   -3.460   -3.364   -3.206   -2.242
   -2.039   -1.820   -1.744   -1.533   -1.364   -1.243   -1.073    0.308    0.308    0.674
    0.849    0.999    1.030    1.126    1.320    2.584    2.993    3.477    3.528    3.870
    3.982    4.453    4.551    4.663    4.750    5.184    5.481    5.650    6.009    6.160
    6.231    6.344    6.705    6.748
            0.000000  0.125678  0.000000
  -13.942  -13.577  -13.169  -11.265  -10.928  -10.795  -10.742  -10.544  -10.534   -5.168
   -4.866   -4.617   -4.580   -3.988   -3.968   -3.878   -3.462   -3.365   -3.202   -2.221
   -2.003   -1.800   -1.635   -1.487   -1.339   -1.193   -1.040    0.283    0.334    0.622
    0.741    0.961    0.971    1.032    1.307    2.605    2.907    3.445    3.504    3.818
    3.961    4.486    4.525    4.677    4.832    5.150    5.509    5.660    6.002    6.155
    6.250    6.345    6.609    6.767
            0.000000  0.104732  0.000000
  -13.957  -13.591  -13.181  -11.274  -10.930  -10.795  -10.733  -10.531  -10.527   -5.180
   -4.869   -4.575   -4.546   -3.954   -3.933   -3.866   -3.471   -3.369   -3.201   -2.210
   -1.963   -1.797   -1.536   -1.437   -1.304   -1.131   -1.027    0.269    0.357    0.575
    0.649    0.849    0.901    1.015    1.303    2.623    2.830    3.417    3.485    3.772
    3.943    4.495    4.497    4.714    4.919    5.118    5.533    5.665    5.997    6.144
    6.268    6.379    6.532    6.756
            0.000000  0.083785  0.000000
  -13.969  -13.602  -13.190  -11.283  -10.933  -10.795  -10.725  -10.521  -10.520   -5.190
   -4.871   -4.535   -4.519   -3.967   -3.896   -3.810   -3.486   -3.375   -3.204   -2.208
   -1.919   -1.812   -1.461   -1.374   -1.251   -1.074   -1.032    0.270    0.371    0.527
    0.581    0.741    0.827    1.004    1.303    2.638    2.763    3.394    3.469    3.734
    3.929    4.471    4.492    4.762    4.998    5.091    5.550    5.671    5.997    6.133
    6.256    6.427    6.510    6.715
            0.000000  0.062839  0.000000
  -13.978  -13.610  -13.198  -11.289  -10.935  -10.795  -10.719  -10.516  -10.511   -5.198
   -4.874   -4.499   -4.497   -3.991   -3.858   -3.752   -3.506   -3.382   -3.210   -2.212
   -1.874   -1.834   -1.413   -1.298   -1.191   -1.045   -1.035    0.282    0.372    0.471
    0.541    0.657    0.757    0.994    1.305    2.650    2.709    3.375    3.457    3.704
    3.917    4.449    4.486    4.808    5.046    5.087    5.559    5.682    6.002    6.128
    6.208    6.455    6.542    6.680
            0.000000  0.041893  0.000000
  -13.985  -13.617  -13.203  -11.293  -10.937  -10.796  -10.715  -10.512  -10.504   -5.203
   -4.876   -4.482   -4.470   -4.012   -3.822   -3.704   -3.528   -3.389   -3.216   -2.218
   -1.855   -1.833   -1.379   -1.220   -1.167   -1.034   -1.021    0.298    0.369    0.414
    0.518    0.602    0.701    0.983    1.306    2.659    2.670    3.361    3.449    3.682
    3.909    4.433    4.480    4.847    5.037    5.131    5.561    5.698    6.013    6.131
    6.154    6.427    6.594    6.701
            0.000000  0.020946  0.000000
  -13.989  -13.620  -13.207  -11.296  -10.938  -10.796  -10.713  -10.510  -10.500   -5.207
   -4.877   -4.473   -4.450   -4.028   -3.794   -3.671   -3.546   -3.394   -3.221   -2.223
   -1.870   -1.805   -1.352   -1.184   -1.148   -1.033   -1.002    0.306    0.372    0.377
    0.497    0.570    0.668    0.975    1.307    2.646    2.664    3.352    3.444    3.669
    3.904    4.422    4.477    4.874    5.026    5.162    5.560    5.714    6.028    6.111
    6.140    6.375    6.641    6.754
            0.000000  0.000000  0.000000
  -13.991  -13.622  -13.208  -11.297  -10.938  -10.796  -10.712  -10.509  -10.499   -5.208
   -4.878   -4.470   -4.443   -4.033   -3.784   -3.660   -3.553   -3.396   -3.222   -2.225
   -1.875   -1.795   -1.339   -1.197   -1.105   -1.056   -0.987    0.304    0.368    0.375
    0.487    0.559    0.657    0.973    1.308    2.637    2.666    3.349    3.442    3.665
    3.902    4.419    4.475    4.883    5.022    5.172    5.558    5.721    6.039    6.091
    6.147    6.350    6.660    6.785
