 &plot nbnd=  48, nks=   129 /
            0.000000  0.000000  0.000000
  -65.225  -65.219  -33.942  -33.861  -33.823  -33.793  -33.750  -33.750  -16.108  -14.983
  -14.698  -14.495   -8.008   -7.316   -6.277   -5.900   -5.900   -5.675   -5.535   -4.564
   -4.362   -4.191   -3.331   -3.331   -1.958   -1.172   -1.172   -0.412    0.901    0.952
    2.075    2.519    2.519    2.625    2.881    2.951    2.956    3.051    3.218    3.610
    3.676    4.208    4.778    5.104    5.132    6.118    6.187    6.401
            0.015625  0.000000  0.000000
  -65.225  -65.219  -33.942  -33.861  -33.823  -33.793  -33.750  -33.750  -16.108  -14.983
  -14.698  -14.496   -8.007   -7.315   -6.278   -5.902   -5.900   -5.675   -5.534   -4.563
   -4.362   -4.189   -3.336   -3.333   -1.958   -1.171   -1.169   -0.411    0.900    0.952
    2.077    2.507    2.518    2.628    2.892    2.952    2.953    3.050    3.225    3.611
    3.678    4.195    4.779    5.105    5.143    6.058    6.245    6.399
            0.031250  0.000000  0.000000
  -65.225  -65.219  -33.942  -33.861  -33.823  -33.793  -33.750  -33.750  -16.105  -14.983
  -14.698  -14.498   -8.001   -7.313   -6.282   -5.908   -5.899   -5.675   -5.533   -4.562
   -4.362   -4.184   -3.352   -3.339   -1.957   -1.169   -1.162   -0.407    0.897    0.951
    2.083    2.476    2.517    2.636    2.922    2.946    2.955    3.047    3.243    3.616
    3.681    4.161    4.781    5.109    5.173    5.971    6.319    6.392
            0.046875  0.000000  0.000000
  -65.225  -65.219  -33.941  -33.861  -33.823  -33.793  -33.751  -33.750  -16.102  -14.984
  -14.699  -14.502   -7.991   -7.309   -6.288   -5.917   -5.897   -5.674   -5.531   -4.560
   -4.362   -4.174   -3.377   -3.348   -1.955   -1.165   -1.150   -0.400    0.891    0.951
    2.093    2.434    2.514    2.646    2.937    2.960    2.965    3.043    3.271    3.623
    3.687    4.108    4.785    5.115    5.219    5.882    6.361    6.381
            0.062500  0.000000  0.000000
  -65.225  -65.219  -33.940  -33.861  -33.823  -33.793  -33.752  -33.750  -16.097  -14.985
  -14.699  -14.508   -7.978   -7.303   -6.296   -5.929   -5.894   -5.672   -5.529   -4.556
   -4.363   -4.162   -3.411   -3.361   -1.952   -1.161   -1.134   -0.391    0.884    0.949
    2.108    2.386    2.511    2.659    2.927    2.967    3.015    3.037    3.307    3.634
    3.695    4.041    4.791    5.123    5.274    5.792    6.314    6.347
            0.078125  0.000000  0.000000
  -65.225  -65.219  -33.939  -33.861  -33.824  -33.793  -33.753  -33.750  -16.090  -14.987
  -14.699  -14.516   -7.961   -7.296   -6.306   -5.944   -5.891   -5.670   -5.527   -4.551
   -4.364   -4.146   -3.454   -3.378   -1.949   -1.156   -1.113   -0.379    0.875    0.947
    2.125    2.336    2.506    2.673    2.920    2.976    3.029    3.071    3.349    3.648
    3.706    3.965    4.798    5.133    5.333    5.701    6.229    6.249
            0.093750  0.000000  0.000000
  -65.225  -65.219  -33.938  -33.860  -33.824  -33.792  -33.754  -33.751  -16.083  -14.990
  -14.700  -14.524   -7.940   -7.288   -6.317   -5.963   -5.887   -5.668   -5.526   -4.545
   -4.364   -4.128   -3.505   -3.397   -1.945   -1.152   -1.088   -0.364    0.863    0.944
    2.146    2.285    2.501    2.690    2.915    2.987    3.020    3.130    3.395    3.665
    3.719    3.882    4.807    5.146    5.391    5.612    6.131    6.162
            0.109375  0.000000  0.000000
  -65.225  -65.219  -33.937  -33.860  -33.824  -33.792  -33.755  -33.751  -16.073  -14.992
  -14.701  -14.534   -7.916   -7.277   -6.330   -5.983   -5.882   -5.666   -5.526   -4.536
   -4.365   -4.107   -3.563   -3.420   -1.940   -1.148   -1.059   -0.347    0.850    0.940
    2.163    2.241    2.495    2.710    2.914    3.001    3.009    3.191    3.445    3.685
    3.735    3.795    4.818    5.160    5.438    5.526    6.031    6.088
            0.125000  0.000000  0.000000
  -65.225  -65.219  -33.935  -33.860  -33.824  -33.792  -33.757  -33.751  -16.063  -14.996
  -14.702  -14.546   -7.889   -7.266   -6.343   -6.006   -5.876   -5.663   -5.528   -4.525
   -4.366   -4.084   -3.628   -3.445   -1.934   -1.146   -1.027   -0.327    0.835    0.936
    2.151    2.230    2.488    2.732    2.917    2.996    3.016    3.253    3.498    3.705
    3.707    3.754    4.830    5.177    5.419    5.492    5.931    6.027
            0.140625  0.000000  0.000000
  -65.225  -65.219  -33.933  -33.859  -33.825  -33.791  -33.759  -33.752  -16.051  -15.000
  -14.702  -14.558   -7.858   -7.253   -6.357   -6.031   -5.870   -5.660   -5.532   -4.511
   -4.367   -4.060   -3.698   -3.472   -1.928   -1.146   -0.992   -0.304    0.818    0.930
    2.108    2.254    2.481    2.756    2.924    2.982    3.033    3.316    3.550    3.616
    3.733    3.777    4.844    5.195    5.335    5.500    5.832    5.986
            0.156250  0.000000  0.000000
  -65.225  -65.219  -33.931  -33.859  -33.825  -33.791  -33.761  -33.752  -16.038  -15.005
  -14.703  -14.571   -7.824   -7.238   -6.371   -6.058   -5.863   -5.657   -5.539   -4.494
   -4.367   -4.035   -3.773   -3.501   -1.921   -1.147   -0.954   -0.279    0.800    0.922
    2.059    2.288    2.474    2.782    2.935    2.967    3.053    3.379    3.515    3.616
    3.760    3.804    4.860    5.214    5.247    5.482    5.734    5.967
            0.171875  0.000000  0.000000
  -65.225  -65.219  -33.929  -33.859  -33.826  -33.790  -33.764  -33.753  -16.023  -15.011
  -14.705  -14.584   -7.786   -7.223   -6.385   -6.085   -5.856   -5.653   -5.549   -4.475
   -4.368   -4.010   -3.851   -3.532   -1.913   -1.151   -0.913   -0.252    0.780    0.913
    2.010    2.327    2.466    2.811    2.951    2.951    3.074    3.425    3.441    3.674
    3.789    3.836    4.877    5.160    5.235    5.440    5.638    5.961
            0.187500  0.000000  0.000000
  -65.225  -65.219  -33.926  -33.858  -33.826  -33.790  -33.766  -33.753  -16.007  -15.018
  -14.706  -14.598   -7.746   -7.205   -6.398   -6.114   -5.848   -5.650   -5.561   -4.452
   -4.368   -3.991   -3.926   -3.564   -1.904   -1.157   -0.871   -0.223    0.758    0.903
    1.962    2.370    2.459    2.841    2.933    2.969    3.098    3.334    3.502    3.734
    3.819    3.873    4.896    5.073    5.257    5.380    5.544    5.955
            0.203125  0.000000  0.000000
  -65.225  -65.219  -33.924  -33.858  -33.827  -33.789  -33.769  -33.754  -15.990  -15.027
  -14.707  -14.613   -7.704   -7.187   -6.411   -6.143   -5.840   -5.646   -5.576   -4.427
   -4.368   -4.033   -3.944   -3.597   -1.895   -1.166   -0.826   -0.193    0.735    0.891
    1.916    2.415    2.451    2.874    2.914    2.987    3.123    3.249    3.562    3.797
    3.849    3.917    4.916    4.988    5.280    5.309    5.451    5.937
            0.218750  0.000000  0.000000
  -65.224  -65.220  -33.921  -33.857  -33.827  -33.788  -33.772  -33.755  -15.971  -15.037
  -14.708  -14.627   -7.658   -7.167   -6.423   -6.173   -5.831   -5.643   -5.594   -4.399
   -4.368   -4.117   -3.922   -3.632   -1.885   -1.176   -0.780   -0.161    0.711    0.877
    1.872    2.444    2.463    2.894    2.908    2.996    3.151    3.178    3.620    3.860
    3.880    3.966    4.903    4.939    5.233    5.303    5.360    5.902
            0.234375  0.000000  0.000000
  -65.224  -65.220  -33.918  -33.856  -33.828  -33.788  -33.775  -33.755  -15.952  -15.048
  -14.710  -14.640   -7.611   -7.146   -6.434   -6.203   -5.821   -5.639   -5.614   -4.369
   -4.367   -4.207   -3.898   -3.666   -1.874   -1.188   -0.732   -0.128    0.686    0.862
    1.831    2.437    2.513    2.873    2.943    2.972    3.145    3.181    3.676    3.913
    3.924    4.020    4.820    4.962    5.154    5.271    5.326    5.851
            0.250000  0.000000  0.000000
  -65.224  -65.220  -33.915  -33.856  -33.829  -33.787  -33.778  -33.756  -15.931  -15.062
  -14.711  -14.653   -7.562   -7.124   -6.444   -6.233   -5.812   -5.637   -5.636   -4.365
   -4.337   -4.300   -3.873   -3.702   -1.862   -1.202   -0.683   -0.095    0.659    0.846
    1.794    2.431    2.565    2.851    2.908    2.981    3.157    3.213    3.730    3.948
    3.988    4.078    4.738    4.988    5.075    5.183    5.348    5.790
            0.265625  0.000000  0.000000
  -65.224  -65.220  -33.911  -33.855  -33.829  -33.786  -33.782  -33.757  -15.909  -15.077
  -14.713  -14.666   -7.511   -7.101   -6.453   -6.262   -5.802   -5.661   -5.633   -4.393
   -4.363   -4.303   -3.851   -3.737   -1.850   -1.218   -0.634   -0.061    0.631    0.828
    1.759    2.426    2.618    2.828    2.829    3.020    3.189    3.246    3.783    3.984
    4.052    4.138    4.657    4.995    5.014    5.097    5.369    5.723
            0.281250  0.000000  0.000000
  -65.224  -65.220  -33.908  -33.854  -33.830  -33.785  -33.785  -33.758  -15.886  -15.094
  -14.714  -14.677   -7.458   -7.077   -6.460   -6.292   -5.791   -5.686   -5.630   -4.488
   -4.360   -4.267   -3.829   -3.773   -1.837   -1.236   -0.583   -0.026    0.603    0.808
    1.728    2.422    2.673    2.744    2.806    3.060    3.230    3.282    3.835    4.021
    4.117    4.199    4.578    4.917    5.013    5.042    5.389    5.651
            0.296875  0.000000  0.000000
  -65.224  -65.220  -33.904  -33.854  -33.831  -33.789  -33.785  -33.759  -15.862  -15.113
  -14.716  -14.687   -7.405   -7.053   -6.466   -6.320   -5.781   -5.711   -5.628   -4.583
   -4.357   -4.231   -3.810   -3.808   -1.823   -1.255   -0.533    0.008    0.573    0.788
    1.701    2.418    2.659    2.728    2.782    3.101    3.275    3.321    3.887    4.059
    4.180    4.260    4.500    4.839    4.931    5.070    5.407    5.577
            0.312500  0.000000  0.000000
  -65.224  -65.220  -33.900  -33.853  -33.831  -33.793  -33.784  -33.759  -15.837  -15.134
  -14.718  -14.696   -7.351   -7.028   -6.470   -6.348   -5.770   -5.737   -5.626   -4.678
   -4.352   -4.194   -3.843   -3.792   -1.808   -1.275   -0.482    0.043    0.542    0.766
    1.678    2.416    2.576    2.758    2.785    3.144    3.322    3.361    3.938    4.099
    4.243    4.320    4.425    4.763    4.850    5.098    5.425    5.503
            0.328125  0.000000  0.000000
  -65.224  -65.220  -33.896  -33.852  -33.832  -33.797  -33.783  -33.760  -15.811  -15.156
  -14.719  -14.704   -7.297   -7.003   -6.473   -6.375   -5.761   -5.759   -5.624   -4.773
   -4.346   -4.156   -3.878   -3.777   -1.792   -1.296   -0.431    0.078    0.510    0.744
    1.660    2.415    2.494    2.734    2.842    3.188    3.371    3.403    3.990    4.139
    4.303    4.352    4.378    4.690    4.771    5.125    5.428    5.442
            0.343750  0.000000  0.000000
  -65.223  -65.220  -33.892  -33.851  -33.833  -33.801  -33.782  -33.761  -15.784  -15.180
  -14.721  -14.711   -7.244   -6.977   -6.475   -6.400   -5.784   -5.748   -5.624   -4.867
   -4.340   -4.118   -3.912   -3.765   -1.776   -1.319   -0.380    0.113    0.477    0.720
    1.647    2.414    2.415    2.710    2.899    3.234    3.420    3.447    4.041    4.180
    4.276    4.366    4.432    4.618    4.695    5.150    5.353    5.461
            0.359375  0.000000  0.000000
  -65.223  -65.221  -33.888  -33.851  -33.834  -33.805  -33.781  -33.762  -15.756  -15.206
  -14.723  -14.717   -7.192   -6.952   -6.475   -6.424   -5.804   -5.738   -5.623   -4.960
   -4.332   -4.081   -3.945   -3.756   -1.759   -1.342   -0.330    0.148    0.443    0.696
    1.638    2.336    2.416    2.686    2.957    3.280    3.467    3.492    4.092    4.207
    4.220    4.422    4.481    4.551    4.622    5.170    5.279    5.483
            0.375000  0.000000  0.000000
  -65.223  -65.221  -33.884  -33.850  -33.835  -33.810  -33.780  -33.763  -15.728  -15.233
  -14.724  -14.721   -7.141   -6.928   -6.475   -6.446   -5.820   -5.727   -5.624   -5.052
   -4.322   -4.045   -3.978   -3.749   -1.740   -1.366   -0.280    0.182    0.409    0.670
    1.634    2.262    2.419    2.663    3.015    3.328    3.510    3.540    4.140    4.143
    4.259    4.462    4.494    4.526    4.555    5.186    5.206    5.512
            0.390625  0.000000  0.000000
  -65.223  -65.221  -33.879  -33.849  -33.836  -33.814  -33.779  -33.764  -15.698  -15.262
  -14.726  -14.725   -7.093   -6.906   -6.475   -6.466   -5.830   -5.716   -5.625   -5.142
   -4.312   -4.009   -4.009   -3.746   -1.721   -1.390   -0.230    0.216    0.373    0.644
    1.636    2.190    2.424    2.640    3.074    3.376    3.548    3.590    4.076    4.193
    4.297    4.417    4.471    4.546    4.567    5.134    5.196    5.548
            0.406250  0.000000  0.000000
  -65.223  -65.221  -33.875  -33.848  -33.836  -33.819  -33.778  -33.765  -15.668  -15.291
  -14.728  -14.727   -7.048   -6.886   -6.484   -6.475   -5.834   -5.706   -5.627   -5.229
   -4.300   -4.040   -3.975   -3.745   -1.701   -1.415   -0.181    0.250    0.336    0.617
    1.643    2.122    2.430    2.617    3.132    3.426    3.577    3.641    4.015    4.238
    4.334    4.357    4.415    4.588    4.604    5.063    5.200    5.495
            0.421875  0.000000  0.000000
  -65.223  -65.221  -33.871  -33.847  -33.837  -33.823  -33.777  -33.766  -15.638  -15.321
  -14.730  -14.729   -7.006   -6.869   -6.498   -6.476   -5.830   -5.696   -5.629   -5.313
   -4.286   -4.069   -3.942   -3.748   -1.681   -1.440   -0.133    0.284    0.299    0.590
    1.655    2.057    2.438    2.595    3.190    3.476    3.594    3.694    3.959    4.277
    4.296    4.367    4.373    4.629    4.638    4.995    5.201    5.434
            0.437500  0.000000  0.000000
  -65.223  -65.221  -33.866  -33.846  -33.838  -33.828  -33.776  -33.767  -15.607  -15.352
  -14.732  -14.730   -6.968   -6.856   -6.508   -6.479   -5.817   -5.687   -5.633   -5.394
   -4.271   -4.097   -3.911   -3.754   -1.659   -1.466   -0.085    0.260    0.317    0.562
    1.673    1.996    2.447    2.574    3.248    3.526    3.596    3.748    3.908    4.233
    4.303    4.332    4.418    4.664    4.671    4.929    5.200    5.378
            0.453125  0.000000  0.000000
  -65.222  -65.222  -33.862  -33.846  -33.839  -33.832  -33.775  -33.768  -15.575  -15.384
  -14.733  -14.731   -6.935   -6.849   -6.513   -6.484   -5.794   -5.678   -5.637   -5.471
   -4.255   -4.124   -3.882   -3.764   -1.637   -1.491   -0.039    0.220    0.349    0.533
    1.695    1.939    2.458    2.553    3.305    3.577    3.582    3.804    3.861    4.169
    4.310    4.316    4.467    4.689    4.701    4.868    5.200    5.327
            0.468750  0.000000  0.000000
  -65.222  -65.222  -33.857  -33.845  -33.840  -33.836  -33.774  -33.769  -15.544  -15.415
  -14.733  -14.732   -6.906   -6.847   -6.515   -6.491   -5.761   -5.670   -5.642   -5.543
   -4.237   -4.150   -3.855   -3.776   -1.614   -1.516    0.007    0.180    0.381    0.504
    1.724    1.887    2.470    2.534    3.361    3.554    3.627    3.816    3.862    4.106
    4.301    4.319    4.521    4.696    4.728    4.817    5.202    5.284
            0.484375  0.000000  0.000000
  -65.222  -65.222  -33.853  -33.846  -33.840  -33.839  -33.773  -33.770  -15.512  -15.447
  -14.734  -14.733   -6.883   -6.853   -6.512   -6.499   -5.719   -5.662   -5.648   -5.609
   -4.217   -4.174   -3.831   -3.792   -1.590   -1.541    0.051    0.138    0.413    0.474
    1.757    1.839    2.484    2.516    3.415    3.514    3.676    3.771    3.921    4.043
    4.302    4.315    4.576    4.675    4.751    4.786    5.209    5.249
            0.500000  0.000000  0.000000
  -65.222  -65.222  -33.849  -33.849  -33.841  -33.841  -33.772  -33.772  -15.480  -15.480
  -14.733  -14.733   -6.865   -6.865   -6.506   -6.506   -5.668   -5.668   -5.654   -5.654
   -4.196   -4.196   -3.810   -3.810   -1.566   -1.566    0.095    0.095    0.444    0.444
    1.795    1.795    2.499    2.499    3.467    3.467    3.725    3.725    3.981    3.981
    4.307    4.307    4.630    4.630    4.768    4.768    5.225    5.225
            0.500000  0.027063  0.000000
  -65.222  -65.222  -33.849  -33.849  -33.841  -33.841  -33.772  -33.772  -15.478  -15.478
  -14.734  -14.734   -6.863   -6.863   -6.507   -6.507   -5.702   -5.702   -5.621   -5.621
   -4.207   -4.207   -3.809   -3.809   -1.555   -1.555    0.076    0.076    0.459    0.459
    1.799    1.799    2.486    2.486    3.474    3.474    3.730    3.730    3.985    3.985
    4.321    4.321    4.636    4.636    4.771    4.771    5.227    5.227
            0.500000  0.054127  0.000000
  -65.222  -65.222  -33.849  -33.849  -33.841  -33.841  -33.772  -33.772  -15.473  -15.473
  -14.734  -14.734   -6.856   -6.856   -6.510   -6.510   -5.742   -5.742   -5.583   -5.583
   -4.239   -4.239   -3.808   -3.808   -1.522   -1.522    0.028    0.028    0.497    0.497
    1.808    1.808    2.447    2.447    3.492    3.492    3.744    3.744    3.994    3.995
    4.360    4.360    4.654    4.654    4.781    4.781    5.234    5.234
            0.500000  0.081190  0.000000
  -65.222  -65.222  -33.849  -33.849  -33.841  -33.841  -33.773  -33.773  -15.464  -15.464
  -14.735  -14.735   -6.845   -6.845   -6.515   -6.515   -5.781   -5.781   -5.546   -5.546
   -4.289   -4.289   -3.805   -3.805   -1.469   -1.469   -0.039   -0.039    0.546    0.546
    1.823    1.823    2.393    2.393    3.518    3.518    3.767    3.767    4.010    4.010
    4.420    4.420    4.687    4.687    4.796    4.796    5.247    5.247
            0.500000  0.108253  0.000000
  -65.222  -65.222  -33.849  -33.849  -33.841  -33.841  -33.774  -33.774  -15.453  -15.453
  -14.736  -14.736   -6.831   -6.831   -6.522   -6.522   -5.820   -5.820   -5.512   -5.512
   -4.355   -4.355   -3.803   -3.802   -1.400   -1.400   -0.115   -0.115    0.599    0.599
    1.840    1.840    2.332    2.332    3.548    3.548    3.796    3.796    4.031    4.032
    4.491    4.491    4.741    4.741    4.818    4.818    5.264    5.264
            0.500000  0.135316  0.000000
  -65.222  -65.222  -33.850  -33.850  -33.841  -33.841  -33.776  -33.776  -15.438  -15.438
  -14.737  -14.737   -6.813   -6.813   -6.532   -6.532   -5.856   -5.856   -5.480   -5.480
   -4.431   -4.431   -3.800   -3.800   -1.318   -1.318   -0.197   -0.197    0.652    0.652
    1.857    1.857    2.275    2.275    3.581    3.581    3.830    3.830    4.058    4.058
    4.561    4.561    4.816    4.816    4.852    4.853    5.287    5.287
            0.500000  0.162380  0.000000
  -65.222  -65.222  -33.851  -33.851  -33.840  -33.840  -33.778  -33.778  -15.420  -15.420
  -14.739  -14.739   -6.792   -6.792   -6.545   -6.545   -5.890   -5.890   -5.451   -5.451
   -4.513   -4.513   -3.800   -3.800   -1.226   -1.226   -0.281   -0.281    0.702    0.702
    1.867    1.867    2.233    2.233    3.617    3.617    3.868    3.869    4.089    4.090
    4.624    4.624    4.863    4.863    4.946    4.946    5.316    5.316
            0.500000  0.189443  0.000000
  -65.222  -65.222  -33.853  -33.853  -33.840  -33.840  -33.779  -33.779  -15.400  -15.400
  -14.740  -14.740   -6.768   -6.768   -6.561   -6.561   -5.920   -5.920   -5.427   -5.427
   -4.596   -4.596   -3.801   -3.801   -1.127   -1.127   -0.367   -0.367    0.750    0.750
    1.863    1.863    2.217    2.217    3.655    3.655    3.911    3.911    4.126    4.126
    4.680    4.681    4.895    4.895    5.073    5.073    5.356    5.357
            0.500000  0.216506  0.000000
  -65.222  -65.222  -33.854  -33.854  -33.840  -33.840  -33.781  -33.781  -15.376  -15.376
  -14.742  -14.742   -6.744   -6.744   -6.582   -6.582   -5.946   -5.946   -5.409   -5.409
   -4.677   -4.677   -3.806   -3.806   -1.026   -1.026   -0.451   -0.451    0.794    0.794
    1.846    1.846    2.228    2.228    3.698    3.698    3.957    3.957    4.168    4.168
    4.736    4.736    4.924    4.924    5.194    5.194    5.420    5.420
            0.500000  0.243570  0.000000
  -65.221  -65.221  -33.857  -33.857  -33.839  -33.839  -33.783  -33.783  -15.351  -15.351
  -14.744  -14.743   -6.720   -6.720   -6.608   -6.608   -5.966   -5.966   -5.398   -5.398
   -4.749   -4.749   -3.815   -3.815   -0.929   -0.929   -0.530   -0.530    0.833    0.833
    1.823    1.823    2.261    2.261    3.744    3.744    4.007    4.007    4.215    4.215
    4.792    4.792    4.948    4.948    5.281    5.281    5.525    5.525
            0.500000  0.270633  0.000000
  -65.221  -65.221  -33.859  -33.859  -33.838  -33.838  -33.785  -33.785  -15.323  -15.323
  -14.745  -14.745   -6.701   -6.701   -6.635   -6.635   -5.978   -5.978   -5.397   -5.397
   -4.808   -4.808   -3.829   -3.829   -0.849   -0.849   -0.588   -0.588    0.868    0.868
    1.802    1.802    2.310    2.310    3.793    3.794    4.060    4.060    4.267    4.267
    4.849    4.849    4.960    4.960    5.335    5.335    5.655    5.655
            0.500000  0.297696  0.000000
  -65.221  -65.221  -33.863  -33.863  -33.838  -33.838  -33.787  -33.787  -15.294  -15.294
  -14.746  -14.746   -6.708   -6.708   -6.646   -6.646   -5.983   -5.983   -5.406   -5.406
   -4.851   -4.851   -3.849   -3.849   -0.830   -0.829   -0.586   -0.586    0.898    0.898
    1.789    1.789    2.369    2.369    3.847    3.847    4.116    4.116    4.324    4.325
    4.903    4.903    4.959    4.959    5.371    5.371    5.721    5.721
            0.500000  0.324759  0.000000
  -65.221  -65.221  -33.866  -33.866  -33.837  -33.837  -33.788  -33.788  -15.263  -15.263
  -14.746  -14.746   -6.748   -6.748   -6.634   -6.634   -5.978   -5.978   -5.425   -5.425
   -4.876   -4.876   -3.874   -3.874   -0.878   -0.878   -0.515   -0.515    0.922    0.922
    1.789    1.789    2.434    2.434    3.903    3.903    4.174    4.174    4.387    4.387
    4.908    4.909    4.984    4.984    5.390    5.390    5.666    5.666
            0.500000  0.351823  0.000000
  -65.221  -65.221  -33.870  -33.870  -33.836  -33.836  -33.790  -33.790  -15.231  -15.231
  -14.746  -14.746   -6.805   -6.805   -6.617   -6.617   -5.963   -5.963   -5.451   -5.451
   -4.885   -4.885   -3.905   -3.905   -0.951   -0.951   -0.418   -0.418    0.941    0.941
    1.803    1.803    2.504    2.504    3.960    3.960    4.231    4.231    4.454    4.454
    4.861    4.861    5.035    5.036    5.370    5.370    5.631    5.631
            0.500000  0.378886  0.000000
  -65.221  -65.221  -33.875  -33.875  -33.835  -33.835  -33.791  -33.791  -15.200  -15.200
  -14.744  -14.744   -6.871   -6.871   -6.601   -6.601   -5.940   -5.940   -5.480   -5.480
   -4.880   -4.880   -3.942   -3.942   -1.031   -1.031   -0.316   -0.316    0.955    0.955
    1.832    1.832    2.577    2.577    4.015    4.015    4.283    4.284    4.527    4.527
    4.799    4.799    5.066    5.066    5.324    5.324    5.653    5.654
            0.500000  0.405949  0.000000
  -65.221  -65.221  -33.880  -33.880  -33.834  -33.834  -33.792  -33.792  -15.168  -15.168
  -14.741  -14.741   -6.945   -6.945   -6.586   -6.586   -5.909   -5.909   -5.508   -5.508
   -4.867   -4.867   -3.984   -3.984   -1.111   -1.111   -0.212   -0.212    0.964    0.964
    1.875    1.875    2.651    2.651    4.059    4.059    4.327    4.327    4.603    4.603
    4.743    4.743    5.036    5.036    5.323    5.323    5.708    5.708
            0.500000  0.433013  0.000000
  -65.220  -65.220  -33.885  -33.885  -33.833  -33.833  -33.793  -33.793  -15.138  -15.138
  -14.736  -14.736   -7.026   -7.026   -6.572   -6.572   -5.871   -5.871   -5.534   -5.534
   -4.846   -4.846   -4.031   -4.031   -1.191   -1.191   -0.109   -0.109    0.970    0.970
    1.930    1.930    2.728    2.728    4.073    4.073    4.362    4.362    4.682    4.682
    4.712    4.712    4.958    4.958    5.376    5.376    5.778    5.778
            0.500000  0.460076  0.000000
  -65.220  -65.220  -33.890  -33.890  -33.832  -33.832  -33.793  -33.793  -15.109  -15.109
  -14.729  -14.729   -7.112   -7.112   -6.559   -6.559   -5.829   -5.829   -5.557   -5.557
   -4.820   -4.820   -4.081   -4.081   -1.270   -1.270   -0.008   -0.008    0.973    0.973
    1.997    1.997    2.806    2.806    4.036    4.036    4.406    4.406    4.680    4.680
    4.763    4.763    4.904    4.904    5.452    5.452    5.857    5.857
            0.500000  0.487139  0.000000
  -65.220  -65.220  -33.895  -33.895  -33.831  -33.831  -33.794  -33.794  -15.083  -15.083
  -14.719  -14.719   -7.200   -7.200   -6.545   -6.545   -5.785   -5.785   -5.575   -5.575
   -4.790   -4.790   -4.133   -4.133   -1.346   -1.346    0.092    0.092    0.974    0.974
    2.073    2.073    2.886    2.886    3.953    3.953    4.462    4.462    4.610    4.610
    4.840    4.840    4.931    4.931    5.539    5.539    5.942    5.942
            0.500000  0.514203  0.000000
  -65.220  -65.220  -33.900  -33.900  -33.830  -33.830  -33.794  -33.794  -15.061  -15.060
  -14.706  -14.706   -7.290   -7.290   -6.530   -6.530   -5.742   -5.742   -5.588   -5.588
   -4.757   -4.757   -4.187   -4.187   -1.420   -1.420    0.188    0.188    0.973    0.973
    2.156    2.156    2.967    2.967    3.846    3.846    4.451    4.451    4.588    4.588
    4.922    4.922    5.010    5.011    5.631    5.631    6.032    6.032
            0.500000  0.541266  0.000000
  -65.220  -65.220  -33.906  -33.906  -33.829  -33.829  -33.794  -33.794  -15.041  -15.041
  -14.690  -14.690   -7.380   -7.380   -6.513   -6.513   -5.702   -5.702   -5.595   -5.595
   -4.722   -4.722   -4.241   -4.241   -1.490   -1.490    0.282    0.282    0.972    0.972
    2.244    2.244    3.050    3.050    3.730    3.730    4.340    4.340    4.667    4.667
    5.013    5.013    5.109    5.109    5.726    5.726    6.125    6.125
            0.500000  0.568329  0.000000
  -65.220  -65.220  -33.911  -33.911  -33.828  -33.828  -33.794  -33.794  -15.025  -15.025
  -14.671  -14.671   -7.467   -7.467   -6.495   -6.495   -5.672   -5.672   -5.593   -5.593
   -4.686   -4.686   -4.293   -4.293   -1.557   -1.557    0.372    0.372    0.970    0.970
    2.334    2.334    3.137    3.137    3.614    3.614    4.215    4.215    4.765    4.765
    5.111    5.111    5.217    5.218    5.820    5.820    6.219    6.219
            0.500000  0.595392  0.000000
  -65.219  -65.219  -33.916  -33.916  -33.827  -33.827  -33.794  -33.794  -15.013  -15.013
  -14.650  -14.650   -7.551   -7.551   -6.474   -6.474   -5.657   -5.657   -5.579   -5.579
   -4.649   -4.649   -4.341   -4.341   -1.621   -1.621    0.458    0.458    0.967    0.967
    2.424    2.424    3.226    3.226    3.504    3.504    4.090    4.090    4.872    4.872
    5.213    5.213    5.333    5.333    5.907    5.907    6.310    6.310
            0.500000  0.622456  0.000000
  -65.219  -65.219  -33.920  -33.920  -33.826  -33.826  -33.794  -33.794  -15.003  -15.003
  -14.628  -14.628   -7.631   -7.631   -6.452   -6.452   -5.652   -5.652   -5.559   -5.559
   -4.613   -4.613   -4.385   -4.385   -1.680   -1.680    0.538    0.538    0.964    0.964
    2.512    2.512    3.313    3.313    3.409    3.409    3.968    3.968    4.984    4.985
    5.317    5.317    5.454    5.454    5.977    5.977    6.390    6.390
            0.500000  0.649519  0.000000
  -65.219  -65.219  -33.925  -33.925  -33.826  -33.826  -33.794  -33.794  -14.997  -14.997
  -14.605  -14.605   -7.705   -7.705   -6.428   -6.428   -5.652   -5.652   -5.540   -5.540
   -4.578   -4.578   -4.420   -4.420   -1.735   -1.735    0.613    0.613    0.960    0.960
    2.594    2.594    3.300    3.300    3.430    3.430    3.852    3.852    5.102    5.102
    5.414    5.414    5.581    5.581    6.015    6.015    6.455    6.455
            0.500000  0.676582  0.000000
  -65.219  -65.219  -33.929  -33.929  -33.825  -33.825  -33.794  -33.794  -14.992  -14.992
  -14.583  -14.583   -7.773   -7.773   -6.403   -6.403   -5.654   -5.654   -5.527   -5.527
   -4.550   -4.550   -4.445   -4.445   -1.785   -1.785    0.681    0.681    0.957    0.957
    2.669    2.669    3.227    3.227    3.523    3.523    3.750    3.750    5.225    5.225
    5.493    5.493    5.713    5.713    6.020    6.021    6.523    6.523
            0.500000  0.703646  0.000000
  -65.219  -65.219  -33.932  -33.932  -33.825  -33.825  -33.794  -33.794  -14.988  -14.988
  -14.562  -14.562   -7.833   -7.833   -6.377   -6.377   -5.657   -5.657   -5.520   -5.520
   -4.537   -4.537   -4.449   -4.449   -1.829   -1.829    0.741    0.741    0.954    0.954
    2.736    2.736    3.167    3.167    3.568    3.568    3.709    3.709    5.351    5.351
    5.529    5.529    5.850    5.850    6.029    6.029    6.604    6.604
            0.500000  0.730709  0.000000
  -65.219  -65.219  -33.935  -33.935  -33.824  -33.824  -33.794  -33.794  -14.986  -14.986
  -14.543  -14.543   -7.885   -7.885   -6.352   -6.352   -5.660   -5.660   -5.519   -5.519
   -4.539   -4.539   -4.435   -4.435   -1.867   -1.867    0.792    0.792    0.951    0.951
    2.793    2.793    3.123    3.123    3.502    3.502    3.792    3.792    5.478    5.478
    5.503    5.503    5.992    5.992    6.079    6.079    6.673    6.673
            0.500000  0.757772  0.000000
  -65.219  -65.219  -33.938  -33.938  -33.824  -33.824  -33.794  -33.794  -14.984  -14.984
  -14.526  -14.526   -7.929   -7.929   -6.328   -6.328   -5.664   -5.664   -5.521   -5.521
   -4.547   -4.547   -4.413   -4.413   -1.899   -1.899    0.834    0.834    0.949    0.949
    2.841    2.841    3.093    3.093    3.417    3.417    3.902    3.902    5.422    5.422
    5.613    5.613    6.137    6.137    6.175    6.175    6.656    6.656
            0.500000  0.784835  0.000000
  -65.219  -65.219  -33.940  -33.940  -33.823  -33.823  -33.794  -33.794  -14.983  -14.983
  -14.513  -14.513   -7.963   -7.963   -6.308   -6.308   -5.668   -5.668   -5.526   -5.525
   -4.555   -4.555   -4.392   -4.392   -1.925   -1.925    0.865    0.865    0.948    0.948
    2.882    2.882    3.075    3.075    3.340    3.340    4.012    4.012    5.324    5.324
    5.747    5.747    6.273    6.273    6.303    6.303    6.566    6.566
            0.500000  0.811899  0.000000
  -65.219  -65.219  -33.941  -33.941  -33.823  -33.823  -33.793  -33.793  -14.983  -14.983
  -14.503  -14.503   -7.988   -7.988   -6.291   -6.291   -5.672   -5.672   -5.530   -5.530
   -4.560   -4.560   -4.376   -4.376   -1.943   -1.943    0.886    0.886    0.949    0.949
    2.916    2.916    3.064    3.064    3.276    3.276    4.110    4.110    5.230    5.230
    5.882    5.882    6.357    6.357    6.448    6.448    6.506    6.506
            0.500000  0.838962  0.000000
  -65.219  -65.219  -33.942  -33.942  -33.823  -33.823  -33.793  -33.793  -14.983  -14.983
  -14.497  -14.497   -8.003   -8.003   -6.281   -6.281   -5.674   -5.674   -5.533   -5.533
   -4.563   -4.563   -4.365   -4.365   -1.954   -1.954    0.898    0.898    0.951    0.951
    2.944    2.944    3.056    3.056    3.233    3.233    4.181    4.181    5.159    5.159
    6.015    6.015    6.282    6.282    6.568    6.568    6.627    6.628
            0.500000  0.866025  0.000000
  -65.219  -65.219  -33.942  -33.942  -33.823  -33.823  -33.793  -33.793  -14.983  -14.983
  -14.495  -14.495   -8.008   -8.008   -6.277   -6.277   -5.675   -5.675   -5.535   -5.535
   -4.564   -4.564   -4.362   -4.362   -1.958   -1.958    0.901    0.901    0.952    0.952
    2.956    2.956    3.051    3.051    3.218    3.218    4.208    4.208    5.132    5.132
    6.118    6.118    6.187    6.187    6.642    6.642    6.739    6.739
            0.484375  0.866025  0.000000
  -65.219  -65.219  -33.942  -33.942  -33.823  -33.823  -33.793  -33.793  -14.982  -14.982
  -14.495  -14.495   -8.007   -8.007   -6.278   -6.278   -5.675   -5.675   -5.534   -5.534
   -4.564   -4.564   -4.365   -4.365   -1.955   -1.955    0.900    0.900    0.951    0.951
    2.949    2.949    3.058    3.058    3.221    3.221    4.205    4.205    5.138    5.138
    6.097    6.097    6.207    6.207    6.630    6.630    6.731    6.731
            0.468750  0.866025  0.000000
  -65.219  -65.219  -33.942  -33.942  -33.823  -33.823  -33.794  -33.794  -14.981  -14.981
  -14.496  -14.496   -8.004   -8.004   -6.282   -6.282   -5.673   -5.673   -5.533   -5.533
   -4.563   -4.563   -4.375   -4.375   -1.946   -1.946    0.896    0.896    0.949    0.949
    2.931    2.931    3.075    3.075    3.228    3.228    4.196    4.196    5.155    5.155
    6.058    6.058    6.241    6.241    6.601    6.601    6.681    6.681
            0.453125  0.866025  0.000000
  -65.219  -65.219  -33.942  -33.942  -33.823  -33.823  -33.794  -33.794  -14.980  -14.980
  -14.498  -14.498   -7.998   -7.998   -6.287   -6.287   -5.670   -5.670   -5.532   -5.532
   -4.563   -4.563   -4.392   -4.392   -1.932   -1.932    0.890    0.890    0.946    0.946
    2.908    2.908    3.096    3.096    3.241    3.241    4.183    4.183    5.182    5.182
    6.016    6.016    6.275    6.275    6.566    6.566    6.632    6.632
            0.437500  0.866025  0.000000
  -65.219  -65.219  -33.941  -33.941  -33.823  -33.823  -33.794  -33.794  -14.978  -14.978
  -14.500  -14.500   -7.989   -7.989   -6.295   -6.295   -5.666   -5.666   -5.530   -5.530
   -4.563   -4.563   -4.414   -4.414   -1.912   -1.912    0.881    0.881    0.942    0.942
    2.881    2.881    3.119    3.119    3.261    3.261    4.167    4.167    5.218    5.218
    5.972    5.972    6.304    6.304    6.532    6.532    6.585    6.585
            0.421875  0.866025  0.000000
  -65.219  -65.219  -33.941  -33.941  -33.823  -33.823  -33.795  -33.795  -14.976  -14.976
  -14.503  -14.503   -7.978   -7.978   -6.304   -6.304   -5.661   -5.661   -5.527   -5.527
   -4.563   -4.563   -4.441   -4.441   -1.886   -1.886    0.868    0.868    0.939    0.939
    2.853    2.853    3.142    3.142    3.287    3.287    4.148    4.148    5.262    5.262
    5.927    5.928    6.324    6.324    6.500    6.500    6.546    6.546
            0.406250  0.866025  0.000000
  -65.219  -65.219  -33.940  -33.940  -33.823  -33.823  -33.796  -33.796  -14.973  -14.973
  -14.506  -14.506   -7.965   -7.965   -6.315   -6.315   -5.657   -5.657   -5.523   -5.523
   -4.564   -4.564   -4.473   -4.473   -1.857   -1.857    0.852    0.852    0.935    0.935
    2.821    2.821    3.167    3.167    3.318    3.318    4.128    4.128    5.311    5.311
    5.883    5.883    6.327    6.327    6.467    6.467    6.527    6.527
            0.390625  0.866025  0.000000
  -65.219  -65.219  -33.939  -33.939  -33.823  -33.823  -33.797  -33.797  -14.969  -14.969
  -14.511  -14.511   -7.950   -7.950   -6.328   -6.328   -5.652   -5.652   -5.519   -5.519
   -4.569   -4.569   -4.505   -4.505   -1.822   -1.822    0.832    0.832    0.932    0.932
    2.788    2.788    3.192    3.192    3.355    3.355    4.108    4.108    5.364    5.364
    5.840    5.840    6.314    6.314    6.429    6.429    6.531    6.531
            0.375000  0.866025  0.000000
  -65.219  -65.219  -33.938  -33.938  -33.823  -33.823  -33.798  -33.798  -14.966  -14.966
  -14.515  -14.515   -7.932   -7.932   -6.341   -6.341   -5.647   -5.647   -5.514   -5.514
   -4.587   -4.587   -4.528   -4.528   -1.784   -1.784    0.809    0.809    0.929    0.929
    2.752    2.752    3.220    3.220    3.396    3.396    4.090    4.090    5.418    5.418
    5.798    5.798    6.291    6.291    6.391    6.391    6.547    6.547
            0.359375  0.866025  0.000000
  -65.219  -65.219  -33.937  -33.937  -33.823  -33.823  -33.799  -33.799  -14.961  -14.961
  -14.521  -14.521   -7.912   -7.912   -6.356   -6.356   -5.643   -5.643   -5.508   -5.508
   -4.623   -4.623   -4.536   -4.536   -1.743   -1.743    0.782    0.782    0.926    0.926
    2.715    2.715    3.250    3.250    3.440    3.440    4.073    4.073    5.471    5.471
    5.759    5.759    6.263    6.263    6.354    6.354    6.567    6.567
            0.343750  0.866025  0.000000
  -65.219  -65.219  -33.936  -33.936  -33.823  -33.823  -33.800  -33.800  -14.956  -14.956
  -14.526  -14.526   -7.890   -7.890   -6.371   -6.371   -5.640   -5.640   -5.501   -5.501
   -4.668   -4.668   -4.537   -4.537   -1.698   -1.698    0.754    0.754    0.923    0.923
    2.676    2.676    3.282    3.282    3.486    3.486    4.061    4.061    5.518    5.518
    5.727    5.727    6.235    6.235    6.321    6.321    6.582    6.582
            0.328125  0.866025  0.000000
  -65.219  -65.219  -33.935  -33.935  -33.823  -33.823  -33.801  -33.801  -14.951  -14.951
  -14.533  -14.533   -7.866   -7.866   -6.387   -6.387   -5.638   -5.638   -5.494   -5.494
   -4.719   -4.719   -4.535   -4.535   -1.651   -1.651    0.722    0.722    0.921    0.921
    2.636    2.636    3.317    3.317    3.533    3.533    4.053    4.053    5.547    5.547
    5.708    5.708    6.209    6.209    6.294    6.294    6.589    6.589
            0.312500  0.866025  0.000000
  -65.219  -65.219  -33.933  -33.933  -33.823  -33.823  -33.803  -33.803  -14.945  -14.945
  -14.540  -14.540   -7.839   -7.839   -6.403   -6.403   -5.638   -5.638   -5.486   -5.486
   -4.771   -4.771   -4.532   -4.532   -1.602   -1.602    0.688    0.688    0.918    0.918
    2.595    2.595    3.353    3.353    3.578    3.578    4.051    4.051    5.549    5.549
    5.713    5.713    6.183    6.183    6.275    6.275    6.587    6.587
            0.296875  0.866025  0.000000
  -65.219  -65.219  -33.932  -33.932  -33.823  -33.823  -33.804  -33.804  -14.938  -14.938
  -14.547  -14.547   -7.811   -7.811   -6.420   -6.420   -5.638   -5.638   -5.478   -5.478
   -4.826   -4.826   -4.529   -4.529   -1.551   -1.551    0.652    0.652    0.914    0.914
    2.554    2.554    3.391    3.391    3.621    3.621    4.059    4.059    5.527    5.527
    5.732    5.732    6.157    6.157    6.268    6.268    6.577    6.577
            0.281250  0.866025  0.000000
  -65.219  -65.219  -33.930  -33.930  -33.823  -33.823  -33.806  -33.806  -14.932  -14.932
  -14.555  -14.555   -7.781   -7.781   -6.436   -6.436   -5.641   -5.641   -5.469   -5.469
   -4.880   -4.880   -4.525   -4.525   -1.498   -1.498    0.614    0.614    0.911    0.911
    2.513    2.513    3.429    3.429    3.661    3.661    4.076    4.076    5.495    5.495
    5.751    5.751    6.131    6.131    6.275    6.275    6.561    6.561
            0.265625  0.866025  0.000000
  -65.219  -65.219  -33.928  -33.928  -33.823  -33.823  -33.807  -33.807  -14.924  -14.924
  -14.563  -14.563   -7.750   -7.750   -6.453   -6.453   -5.645   -5.645   -5.461   -5.461
   -4.935   -4.935   -4.521   -4.521   -1.443   -1.443    0.574    0.574    0.908    0.908
    2.472    2.472    3.465    3.465    3.698    3.698    4.105    4.105    5.459    5.459
    5.762    5.762    6.105    6.105    6.294    6.294    6.543    6.543
            0.250000  0.866025  0.000000
  -65.219  -65.219  -33.927  -33.927  -33.823  -33.823  -33.809  -33.809  -14.917  -14.917
  -14.572  -14.572   -7.717   -7.717   -6.470   -6.470   -5.651   -5.651   -5.452   -5.452
   -4.989   -4.989   -4.516   -4.516   -1.388   -1.388    0.533    0.533    0.905    0.905
    2.432    2.432    3.498    3.498    3.734    3.734    4.145    4.145    5.421    5.421
    5.765    5.765    6.080    6.080    6.319    6.320    6.527    6.527
            0.234375  0.866025  0.000000
  -65.219  -65.219  -33.925  -33.925  -33.823  -33.823  -33.811  -33.811  -14.909  -14.909
  -14.581  -14.581   -7.682   -7.682   -6.486   -6.486   -5.660   -5.660   -5.444   -5.444
   -5.040   -5.040   -4.512   -4.512   -1.332   -1.332    0.489    0.489    0.902    0.902
    2.393    2.393    3.524    3.524    3.771    3.771    4.195    4.195    5.383    5.383
    5.759    5.759    6.056    6.056    6.341    6.341    6.521    6.521
            0.218750  0.866025  0.000000
  -65.219  -65.219  -33.923  -33.923  -33.823  -33.823  -33.813  -33.813  -14.900  -14.900
  -14.591  -14.591   -7.646   -7.646   -6.502   -6.502   -5.671   -5.671   -5.436   -5.436
   -5.089   -5.089   -4.507   -4.507   -1.274   -1.274    0.445    0.445    0.899    0.899
    2.355    2.355    3.543    3.543    3.814    3.814    4.252    4.252    5.345    5.345
    5.749    5.749    6.033    6.033    6.349    6.349    6.530    6.530
            0.203125  0.866025  0.000000
  -65.219  -65.219  -33.921  -33.921  -33.823  -33.823  -33.814  -33.814  -14.891  -14.891
  -14.601  -14.601   -7.609   -7.609   -6.518   -6.518   -5.685   -5.685   -5.428   -5.428
   -5.135   -5.135   -4.502   -4.502   -1.217   -1.217    0.398    0.398    0.896    0.896
    2.319    2.319    3.554    3.554    3.862    3.862    4.316    4.316    5.307    5.307
    5.735    5.735    6.012    6.012    6.340    6.340    6.551    6.551
            0.187500  0.866025  0.000000
  -65.219  -65.219  -33.920  -33.920  -33.824  -33.824  -33.816  -33.816  -14.882  -14.882
  -14.611  -14.611   -7.572   -7.572   -6.534   -6.534   -5.703   -5.703   -5.421   -5.421
   -5.177   -5.177   -4.498   -4.498   -1.159   -1.159    0.351    0.351    0.892    0.892
    2.285    2.285    3.559    3.559    3.916    3.916    4.383    4.383    5.269    5.269
    5.719    5.719    5.993    5.993    6.320    6.320    6.575    6.575
            0.171875  0.866025  0.000000
  -65.219  -65.219  -33.918  -33.918  -33.824  -33.824  -33.818  -33.818  -14.873  -14.873
  -14.622  -14.622   -7.533   -7.533   -6.550   -6.550   -5.724   -5.724   -5.414   -5.414
   -5.214   -5.214   -4.493   -4.493   -1.101   -1.101    0.303    0.303    0.890    0.890
    2.253    2.253    3.560    3.560    3.974    3.974    4.453    4.453    5.231    5.231
    5.703    5.703    5.976    5.976    6.294    6.294    6.591    6.591
            0.156250  0.866025  0.000000
  -65.219  -65.219  -33.916  -33.916  -33.824  -33.824  -33.819  -33.819  -14.863  -14.863
  -14.632  -14.632   -7.495   -7.495   -6.565   -6.565   -5.747   -5.747   -5.408   -5.408
   -5.246   -5.246   -4.488   -4.488   -1.043   -1.043    0.254    0.254    0.887    0.887
    2.223    2.223    3.559    3.559    4.036    4.036    4.524    4.524    5.193    5.193
    5.687    5.688    5.961    5.961    6.267    6.267    6.594    6.594
            0.140625  0.866025  0.000000
  -65.219  -65.219  -33.914  -33.914  -33.825  -33.825  -33.820  -33.820  -14.853  -14.853
  -14.643  -14.643   -7.457   -7.457   -6.580   -6.580   -5.773   -5.773   -5.403   -5.403
   -5.273   -5.273   -4.484   -4.484   -0.985   -0.985    0.204    0.204    0.884    0.884
    2.196    2.196    3.555    3.555    4.100    4.100    4.594    4.594    5.154    5.154
    5.673    5.673    5.948    5.949    6.239    6.239    6.584    6.584
            0.125000  0.866025  0.000000
  -65.219  -65.219  -33.913  -33.913  -33.826  -33.826  -33.821  -33.821  -14.842  -14.842
  -14.655  -14.655   -7.420   -7.420   -6.594   -6.594   -5.801   -5.801   -5.398   -5.398
   -5.295   -5.295   -4.480   -4.480   -0.929   -0.929    0.154    0.154    0.882    0.882
    2.171    2.171    3.550    3.550    4.166    4.166    4.664    4.664    5.114    5.114
    5.660    5.660    5.938    5.938    6.210    6.210    6.562    6.562
            0.109375  0.866025  0.000000
  -65.219  -65.219  -33.911  -33.911  -33.827  -33.827  -33.821  -33.821  -14.832  -14.832
  -14.666  -14.666   -7.384   -7.384   -6.608   -6.608   -5.829   -5.829   -5.394   -5.394
   -5.313   -5.313   -4.476   -4.476   -0.873   -0.873    0.104    0.104    0.879    0.879
    2.149    2.149    3.546    3.546    4.233    4.233    4.729    4.729    5.074    5.074
    5.650    5.650    5.930    5.930    6.183    6.183    6.529    6.529
            0.093750  0.866025  0.000000
  -65.219  -65.219  -33.910  -33.910  -33.828  -33.828  -33.822  -33.822  -14.821  -14.821
  -14.677  -14.677   -7.349   -7.349   -6.622   -6.622   -5.857   -5.857   -5.390   -5.390
   -5.328   -5.328   -4.473   -4.473   -0.818   -0.818    0.055    0.055    0.877    0.877
    2.129    2.129    3.541    3.541    4.300    4.300    4.790    4.790    5.033    5.033
    5.642    5.642    5.925    5.925    6.156    6.157    6.489    6.489
            0.078125  0.866025  0.000000
  -65.219  -65.219  -33.908  -33.908  -33.829  -33.829  -33.822  -33.822  -14.810  -14.810
  -14.689  -14.689   -7.318   -7.318   -6.634   -6.634   -5.882   -5.882   -5.387   -5.387
   -5.339   -5.339   -4.470   -4.470   -0.767   -0.767    0.008    0.008    0.876    0.876
    2.113    2.113    3.536    3.536    4.367    4.367    4.843    4.843    4.992    4.992
    5.637    5.638    5.923    5.923    6.131    6.131    6.445    6.445
            0.062500  0.866025  0.000000
  -65.219  -65.219  -33.907  -33.907  -33.830  -33.830  -33.822  -33.822  -14.799  -14.799
  -14.700  -14.700   -7.290   -7.290   -6.646   -6.646   -5.905   -5.905   -5.384   -5.384
   -5.348   -5.348   -4.467   -4.467   -0.719   -0.719   -0.037   -0.037    0.874    0.874
    2.099    2.099    3.532    3.532    4.432    4.432    4.878    4.878    4.961    4.961
    5.636    5.636    5.924    5.925    6.107    6.107    6.401    6.401
            0.046875  0.866025  0.000000
  -65.219  -65.219  -33.906  -33.906  -33.831  -33.831  -33.822  -33.822  -14.789  -14.789
  -14.711  -14.711   -7.267   -7.267   -6.655   -6.655   -5.924   -5.924   -5.382   -5.382
   -5.354   -5.354   -4.465   -4.465   -0.676   -0.676   -0.077   -0.076    0.873    0.873
    2.089    2.089    3.529    3.529    4.495    4.495    4.868    4.868    4.963    4.963
    5.637    5.637    5.929    5.929    6.085    6.085    6.360    6.360
            0.031250  0.866025  0.000000
  -65.219  -65.219  -33.906  -33.906  -33.832  -33.832  -33.822  -33.822  -14.779  -14.779
  -14.721  -14.721   -7.250   -7.250   -6.663   -6.663   -5.938   -5.938   -5.381   -5.381
   -5.358   -5.358   -4.464   -4.464   -0.642   -0.642   -0.109   -0.109    0.872    0.872
    2.081    2.081    3.527    3.527    4.554    4.554    4.831    4.831    4.983    4.983
    5.640    5.640    5.937    5.937    6.064    6.065    6.328    6.328
            0.015625  0.866025  0.000000
  -65.219  -65.219  -33.905  -33.905  -33.832  -33.832  -33.822  -33.822  -14.770  -14.770
  -14.730  -14.730   -7.239   -7.239   -6.668   -6.668   -5.947   -5.947   -5.380   -5.380
   -5.361   -5.361   -4.463   -4.463   -0.619   -0.619   -0.131   -0.131    0.872    0.872
    2.077    2.077    3.526    3.526    4.602    4.602    4.792    4.792    4.999    4.999
    5.642    5.642    5.944    5.945    6.049    6.049    6.307    6.307
            0.000000  0.866025  0.000000
  -65.219  -65.219  -33.905  -33.905  -33.832  -33.832  -33.822  -33.822  -14.766  -14.766
  -14.734  -14.734   -7.235   -7.235   -6.669   -6.669   -5.950   -5.950   -5.379   -5.379
   -5.362   -5.362   -4.463   -4.463   -0.610   -0.610   -0.139   -0.139    0.871    0.871
    2.075    2.075    3.525    3.525    4.624    4.624    4.773    4.773    5.004    5.004
    5.643    5.643    5.948    5.948    6.042    6.042    6.300    6.300
            0.000000  0.838962  0.000000
  -65.219  -65.219  -33.906  -33.904  -33.836  -33.829  -33.822  -33.822  -14.802  -14.738
  -14.734  -14.729   -7.252   -7.208   -6.670   -6.670   -6.013   -5.895   -5.423   -5.367
   -5.348   -5.335   -4.526   -4.398   -0.631   -0.592   -0.188   -0.088    0.843    0.898
    2.041    2.108    3.487    3.528    4.600    4.643    4.755    4.812    4.961    5.061
    5.518    5.776    5.806    5.901    6.107    6.179    6.248    6.370
            0.000000  0.811899  0.000000
  -65.219  -65.219  -33.906  -33.902  -33.841  -33.828  -33.821  -33.819  -14.842  -14.742
  -14.724  -14.706   -7.259   -7.173   -6.672   -6.671   -6.083   -5.851   -5.463   -5.364
   -5.326   -5.293   -4.589   -4.334   -0.653   -0.575   -0.237   -0.037    0.813    0.925
    2.003    2.141    3.417    3.497    4.569    4.658    4.747    4.874    4.928    5.133
    5.399    5.687    5.767    5.916    6.205    6.276    6.287    6.477
            0.000000  0.784835  0.000000
  -65.219  -65.218  -33.905  -33.899  -33.846  -33.828  -33.821  -33.816  -14.886  -14.745
  -14.717  -14.683   -7.256   -7.128   -6.675   -6.672   -6.157   -5.823   -5.493   -5.353
   -5.295   -5.254   -4.651   -4.269   -0.676   -0.560   -0.285    0.015    0.779    0.950
    1.961    2.178    3.322    3.438    4.526    4.670    4.737    4.903    4.957    5.219
    5.279    5.603    5.646    6.063    6.167    6.359    6.453    6.486
            0.000000  0.757772  0.000000
  -65.220  -65.218  -33.904  -33.896  -33.850  -33.829  -33.820  -33.812  -14.933  -14.747
  -14.710  -14.664   -7.243   -7.077   -6.678   -6.673   -6.235   -5.817   -5.509   -5.335
   -5.257   -5.218   -4.712   -4.205   -0.700   -0.545   -0.332    0.066    0.740    0.973
    1.918    2.219    3.210    3.359    4.469    4.682    4.712    4.883    5.056    5.155
    5.317    5.540    5.558    6.129    6.214    6.350    6.404    6.446
            0.000000  0.730709  0.000000
  -65.220  -65.218  -33.903  -33.892  -33.855  -33.830  -33.820  -33.808  -14.984  -14.748
  -14.703  -14.650   -7.220   -7.018   -6.682   -6.674   -6.315   -5.832   -5.508   -5.310
   -5.211   -5.188   -4.770   -4.143   -0.724   -0.531   -0.377    0.118    0.696    0.992
    1.874    2.269    3.087    3.266    4.397    4.663    4.693    4.871    5.028    5.165
    5.424    5.444    5.545    6.085    6.222    6.367    6.400    6.423
            0.000000  0.703646  0.000000
  -65.220  -65.218  -33.900  -33.888  -33.860  -33.831  -33.819  -33.804  -15.036  -14.749
  -14.694  -14.641   -7.188   -6.956   -6.686   -6.674   -6.397   -5.863   -5.495   -5.280
   -5.162   -5.159   -4.827   -4.082   -0.747   -0.517   -0.420    0.169    0.647    1.005
    1.834    2.326    2.957    3.165    4.312    4.590    4.703    4.850    4.918    5.280
    5.354    5.534    5.549    6.032    6.108    6.392    6.406    6.520
            0.000000  0.676582  0.000000
  -65.220  -65.218  -33.897  -33.883  -33.865  -33.832  -33.819  -33.800  -15.091  -14.749
  -14.686  -14.636   -7.147   -6.891   -6.690   -6.673   -6.478   -5.900   -5.476   -5.244
   -5.142   -5.100   -4.882   -4.024   -0.768   -0.503   -0.461    0.220    0.593    1.006
    1.802    2.393    2.823    3.060    4.216    4.499    4.713    4.751    4.897    5.261
    5.399    5.551    5.644    5.975    6.017    6.348    6.407    6.669
            0.000000  0.649519  0.000000
  -65.220  -65.218  -33.894  -33.878  -33.870  -33.834  -33.819  -33.796  -15.148  -14.749
  -14.677  -14.634   -7.101   -6.827   -6.692   -6.669   -6.556   -5.936   -5.456   -5.205
   -5.128   -5.035   -4.935   -3.969   -0.788   -0.501   -0.490    0.269    0.537    0.994
    1.781    2.467    2.690    2.955    4.114    4.395    4.627    4.721    4.911    5.164
    5.519    5.530    5.746    5.914    5.957    6.254    6.421    6.808
            0.000000  0.622456  0.000000
  -65.221  -65.218  -33.890  -33.875  -33.872  -33.835  -33.819  -33.792  -15.205  -14.748
  -14.667  -14.637   -7.053   -6.769   -6.694   -6.663   -6.627   -5.966   -5.436   -5.163
   -5.118   -4.984   -4.965   -3.917   -0.804   -0.538   -0.478    0.318    0.481    0.967
    1.774    2.548    2.558    2.853    4.008    4.285    4.504    4.728    4.932    5.062
    5.479    5.638    5.835    5.848    5.932    6.132    6.404    6.927
            0.000000  0.595392  0.000000
  -65.221  -65.218  -33.886  -33.880  -33.866  -33.837  -33.819  -33.789  -15.264  -14.747
  -14.657  -14.644   -7.016   -6.722   -6.693   -6.678   -6.654   -5.982   -5.416   -5.126
   -5.114   -5.025   -4.891   -3.870   -0.819   -0.574   -0.470    0.365    0.427    0.925
    1.781    2.430    2.634    2.755    3.900    4.173    4.383    4.732    4.952    4.957
    5.409    5.747    5.773    5.904    5.927    6.000    6.344    6.999
            0.000000  0.568329  0.000000
  -65.221  -65.218  -33.884  -33.881  -33.859  -33.838  -33.819  -33.785  -15.323  -14.745
  -14.654  -14.647   -7.009   -6.693   -6.691   -6.689   -6.642   -5.979   -5.394   -5.116
   -5.114   -5.033   -4.812   -3.828   -0.830   -0.607   -0.469    0.381    0.410    0.869
    1.800    2.309    2.664    2.724    3.793    4.060    4.266    4.733    4.851    4.961
    5.339    5.686    5.772    5.925    5.937    5.948    6.255    7.009
            0.000000  0.541266  0.000000
  -65.222  -65.218  -33.889  -33.876  -33.853  -33.840  -33.819  -33.782  -15.383  -14.743
  -14.666  -14.636   -7.044   -6.686   -6.686   -6.650   -6.626   -5.957   -5.369   -5.148
   -5.118   -4.999   -4.729   -3.793   -0.839   -0.639   -0.478    0.346    0.453    0.803
    1.829    2.196    2.581    2.815    3.686    3.948    4.153    4.729    4.745    4.944
    5.289    5.585    5.639    5.919    5.966    6.021    6.158    6.969
            0.000000  0.514203  0.000000
  -65.222  -65.218  -33.894  -33.871  -33.845  -33.842  -33.819  -33.779  -15.442  -14.740
  -14.682  -14.625   -7.105   -6.698   -6.678   -6.607   -6.576   -5.920   -5.337   -5.188
   -5.126   -4.954   -4.643   -3.763   -0.847   -0.670   -0.500    0.326    0.493    0.730
    1.866    2.092    2.508    2.905    3.580    3.839    4.044    4.640    4.719    4.893
    5.269    5.468    5.477    5.906    5.959    6.062    6.124    6.899
            0.000000  0.487139  0.000000
  -65.222  -65.218  -33.898  -33.865  -33.843  -33.838  -33.819  -33.776  -15.500  -14.738
  -14.699  -14.615   -7.176   -6.725   -6.668   -6.583   -6.482   -5.876   -5.292   -5.228
   -5.137   -4.907   -4.555   -3.741   -0.852   -0.700   -0.538    0.322    0.530    0.652
    1.908    2.000    2.447    2.993    3.476    3.733    3.939    4.538    4.703    4.813
    5.269    5.309    5.338    5.891    5.936    5.972    6.221    6.839
            0.000000  0.460076  0.000000
  -65.222  -65.218  -33.902  -33.860  -33.845  -33.831  -33.819  -33.773  -15.557  -14.735
  -14.718  -14.604   -7.251   -6.763   -6.656   -6.556   -6.377   -5.836   -5.268   -5.229
   -5.149   -4.861   -4.464   -3.727   -0.856   -0.730   -0.590    0.335    0.564    0.570
    1.921    1.953    2.398    3.076    3.373    3.631    3.838    4.438    4.678    4.718
    5.138    5.197    5.272    5.880    5.887    5.903    6.301    6.786
            0.000000  0.433013  0.000000
  -65.223  -65.218  -33.906  -33.854  -33.846  -33.824  -33.819  -33.770  -15.613  -14.739
  -14.732  -14.594   -7.327   -6.808   -6.640   -6.525   -6.264   -5.806   -5.306   -5.162
   -5.147   -4.816   -4.372   -3.721   -0.860   -0.760   -0.657    0.363    0.487    0.594
    1.856    2.000    2.363    3.153    3.272    3.533    3.741    4.342    4.618    4.644
    4.968    5.047    5.266    5.807    5.868    5.878    6.353    6.742
            0.000000  0.405949  0.000000
  -65.223  -65.218  -33.910  -33.848  -33.848  -33.820  -33.816  -33.768  -15.667  -14.760
  -14.729  -14.583   -7.401   -6.856   -6.622   -6.491   -6.146   -5.787   -5.342   -5.174
   -5.046   -4.775   -4.280   -3.722   -0.863   -0.791   -0.734    0.401    0.403    0.620
    1.807    2.048    2.341    3.171    3.222    3.439    3.649    4.248    4.515    4.603
    4.799    4.893    5.246    5.732    5.838    5.891    6.366    6.706
            0.000000  0.378886  0.000000
  -65.223  -65.218  -33.914  -33.849  -33.842  -33.820  -33.809  -33.765  -15.719  -14.782
  -14.725  -14.573   -7.472   -6.905   -6.601   -6.452   -6.026   -5.780   -5.377   -5.184
   -4.928   -4.736   -4.187   -3.732   -0.868   -0.823   -0.820    0.320    0.447    0.643
    1.775    2.095    2.334    3.072    3.280    3.349    3.561    4.158    4.414    4.554
    4.632    4.738    5.212    5.661    5.817    5.916    6.338    6.676
            0.000000  0.351823  0.000000
  -65.223  -65.218  -33.918  -33.851  -33.837  -33.820  -33.802  -33.763  -15.769  -14.805
  -14.722  -14.564   -7.541   -6.955   -6.578   -6.410   -5.908   -5.780   -5.411   -5.189
   -4.798   -4.702   -4.094   -3.749   -0.912   -0.873   -0.856    0.236    0.499    0.665
    1.759    2.141    2.340    2.974    3.264    3.327    3.478    4.070    4.315    4.468
    4.502    4.584    5.169    5.594    5.808    5.951    6.278    6.652
            0.000000  0.324759  0.000000
  -65.224  -65.218  -33.921  -33.852  -33.831  -33.820  -33.795  -33.761  -15.816  -14.827
  -14.719  -14.554   -7.606   -7.003   -6.552   -6.366   -5.795   -5.786   -5.443   -5.185
   -4.671   -4.659   -4.004   -3.773   -1.009   -0.890   -0.880    0.155    0.553    0.684
    1.760    2.186    2.359    2.877    3.182    3.360    3.401    3.984    4.221    4.308
    4.433    4.448    5.120    5.530    5.810    5.991    6.195    6.633
            0.000000  0.297696  0.000000
  -65.224  -65.218  -33.924  -33.854  -33.826  -33.821  -33.789  -33.759  -15.860  -14.848
  -14.716  -14.545   -7.668   -7.049   -6.525   -6.318   -5.796   -5.696   -5.473   -5.166
   -4.645   -4.515   -3.916   -3.802   -1.109   -0.925   -0.890    0.075    0.608    0.703
    1.778    2.227    2.390    2.783    3.106    3.329    3.380    3.899    4.133    4.152
    4.290    4.397    5.071    5.469    5.823    6.034    6.096    6.572
            0.000000  0.270633  0.000000
  -65.224  -65.218  -33.927  -33.855  -33.821  -33.821  -33.782  -33.758  -15.902  -14.869
  -14.713  -14.537   -7.725   -7.092   -6.496   -6.269   -5.808   -5.618   -5.502   -5.124
   -4.623   -4.367   -3.857   -3.811   -1.211   -0.960   -0.904   -0.003    0.662    0.722
    1.810    2.263    2.431    2.693    3.033    3.263    3.387    3.812    4.002    4.052
    4.156    4.351    5.022    5.412    5.846    5.985    6.078    6.484
            0.000000  0.243570  0.000000
  -65.224  -65.219  -33.930  -33.856  -33.821  -33.816  -33.777  -33.756  -15.940  -14.889
  -14.711  -14.529   -7.777   -7.133   -6.467   -6.218   -5.822   -5.566   -5.529   -5.056
   -4.605   -4.218   -3.888   -3.740   -1.315   -0.994   -0.921   -0.076    0.714    0.742
    1.856    2.292    2.480    2.610    2.966    3.203    3.381    3.720    3.859    3.979
    4.036    4.313    4.977    5.359    5.866    5.878    6.122    6.409
            0.000000  0.216506  0.000000
  -65.224  -65.219  -33.933  -33.857  -33.822  -33.811  -33.771  -33.755  -15.974  -14.907
  -14.708  -14.522   -7.824   -7.170   -6.436   -6.167   -5.836   -5.555   -5.538   -4.965
   -4.591   -4.072   -3.931   -3.663   -1.418   -1.027   -0.943   -0.145    0.762    0.763
    1.914    2.307    2.535    2.540    2.903    3.150    3.366    3.622    3.723    3.913
    3.934    4.282    4.935    5.310    5.746    5.917    6.165    6.344
            0.000000  0.189443  0.000000
  -65.225  -65.219  -33.935  -33.858  -33.822  -33.807  -33.766  -33.754  -16.005  -14.924
  -14.706  -14.516   -7.867   -7.203   -6.406   -6.116   -5.849   -5.579   -5.525   -4.862
   -4.581   -3.977   -3.929   -3.592   -1.520   -1.058   -0.971   -0.208    0.786    0.805
    1.983    2.299    2.496    2.595    2.845    3.102    3.343    3.517    3.596    3.849
    3.856    4.258    4.898    5.265    5.626    5.960    6.206    6.289
            0.000000  0.162380  0.000000
  -65.225  -65.219  -33.937  -33.859  -33.822  -33.804  -33.762  -33.753  -16.032  -14.939
  -14.704  -14.511   -7.904   -7.232   -6.377   -6.068   -5.862   -5.602   -5.522   -4.755
   -4.574   -4.024   -3.793   -3.527   -1.617   -1.086   -1.003   -0.263    0.809    0.844
    2.061    2.265    2.482    2.657    2.793    3.062    3.317    3.408    3.479    3.781
    3.807    4.241    4.866    5.224    5.513    6.005    6.242    6.245
            0.000000  0.135316  0.000000
  -65.225  -65.219  -33.938  -33.860  -33.822  -33.801  -33.758  -33.752  -16.055  -14.952
  -14.702  -14.506   -7.936   -7.257   -6.350   -6.022   -5.873   -5.622   -5.523   -4.651
   -4.569   -4.068   -3.668   -3.470   -1.709   -1.111   -1.040   -0.310    0.832    0.877
    2.146    2.217    2.486    2.719    2.747    3.028    3.291    3.297    3.373    3.727
    3.767    4.229    4.839    5.189    5.408    6.051    6.204    6.283
            0.000000  0.108253  0.000000
  -65.225  -65.219  -33.940  -33.860  -33.823  -33.798  -33.755  -33.751  -16.074  -14.963
  -14.701  -14.502   -7.962   -7.278   -6.326   -5.982   -5.882   -5.640   -5.526   -4.566
   -4.556   -4.108   -3.556   -3.421   -1.791   -1.133   -1.078   -0.348    0.854    0.904
    2.170    2.235    2.496    2.708    2.780    3.000    3.187    3.267    3.279    3.684
    3.734    4.220    4.817    5.159    5.315    6.095    6.173    6.317
            0.000000  0.081190  0.000000
  -65.225  -65.219  -33.941  -33.861  -33.823  -33.796  -33.753  -33.750  -16.089  -14.971
  -14.700  -14.499   -7.982   -7.295   -6.306   -5.948   -5.890   -5.655   -5.529   -4.565
   -4.476   -4.143   -3.462   -3.382   -1.860   -1.150   -1.114   -0.376    0.873    0.925
    2.130    2.325    2.505    2.676    2.837    2.978    3.082    3.198    3.246    3.651
    3.708    4.214    4.800    5.136    5.238    6.133    6.149    6.349
            0.000000  0.054127  0.000000
  -65.225  -65.219  -33.942  -33.861  -33.823  -33.795  -33.751  -33.750  -16.100  -14.978
  -14.699  -14.497   -7.997   -7.306   -6.290   -5.922   -5.896   -5.666   -5.532   -4.564
   -4.414   -4.169   -3.391   -3.354   -1.913   -1.162   -1.144   -0.396    0.888    0.940
    2.100    2.412    2.513    2.652    2.889    2.963    2.987    3.130    3.231    3.628
    3.691    4.210    4.787    5.118    5.180    6.132    6.162    6.375
            0.000000  0.027063  0.000000
  -65.225  -65.219  -33.942  -33.861  -33.823  -33.794  -33.750  -33.750  -16.106  -14.981
  -14.698  -14.495   -8.005   -7.313   -6.280   -5.906   -5.899   -5.673   -5.534   -4.564
   -4.375   -4.186   -3.346   -3.337   -1.947   -1.169   -1.165   -0.408    0.898    0.949
    2.081    2.486    2.517    2.634    2.912    2.933    2.954    3.076    3.221    3.614
    3.680    4.208    4.780    5.108    5.144    6.121    6.181    6.394
            0.000000  0.000000  0.000000
  -65.225  -65.219  -33.942  -33.861  -33.823  -33.793  -33.750  -33.750  -16.108  -14.983
  -14.698  -14.495   -8.008   -7.316   -6.277   -5.900   -5.900   -5.675   -5.535   -4.564
   -4.362   -4.191   -3.331   -3.331   -1.958   -1.172   -1.172   -0.412    0.901    0.952
    2.075    2.519    2.519    2.625    2.881    2.951    2.956    3.051    3.218    3.610
    3.676    4.208    4.778    5.104    5.132    6.118    6.187    6.401
