 &plot nbnd=  80, nks=   125 /
            0.000000  0.000000  0.000000
  -64.921  -64.916  -49.103  -49.103  -49.103  -49.102  -49.089  -49.089  -49.089  -49.089
  -49.080  -49.079  -33.613  -33.545  -33.513  -33.495  -33.461  -33.461  -15.700  -14.639
  -14.430  -14.198   -7.497   -6.829   -5.834   -5.393   -5.393   -5.211   -5.034   -4.034
   -3.659   -3.632   -2.523   -2.523   -1.590   -0.852   -0.852   -0.167    1.020    1.049
    2.134    2.819    2.819    2.955    3.097    3.128    3.230    3.373    3.412    4.004
    4.054    4.153    5.157    5.366    5.530    6.245    6.386    6.777    6.783    6.783
    6.909    7.087    7.110    7.125    7.141    7.494    7.721    7.788    7.971    8.125
    8.896    9.118    9.165    9.238    9.362    9.770    9.899    9.928   10.669   10.880
            0.016129  0.000000  0.000000
  -64.921  -64.916  -49.103  -49.103  -49.103  -49.102  -49.089  -49.089  -49.089  -49.089
  -49.080  -49.079  -33.613  -33.545  -33.513  -33.495  -33.461  -33.461  -15.699  -14.640
  -14.430  -14.199   -7.496   -6.828   -5.835   -5.395   -5.393   -5.211   -5.034   -4.034
   -3.659   -3.630   -2.530   -2.526   -1.589   -0.851   -0.849   -0.165    1.019    1.049
    2.137    2.804    2.819    2.957    3.093    3.142    3.229    3.380    3.414    4.005
    4.055    4.145    5.158    5.373    5.531    6.202    6.425    6.759    6.781    6.786
    6.910    6.994    7.126    7.143    7.224    7.495    7.668    7.812    7.965    8.164
    8.884    9.104    9.165    9.256    9.360    9.769    9.897    9.935   10.671   10.833
            0.032258  0.000000  0.000000
  -64.921  -64.916  -49.103  -49.103  -49.103  -49.102  -49.089  -49.089  -49.089  -49.089
  -49.080  -49.079  -33.613  -33.545  -33.513  -33.495  -33.461  -33.461  -15.697  -14.640
  -14.430  -14.201   -7.490   -6.826   -5.837   -5.401   -5.392   -5.211   -5.033   -4.032
   -3.659   -3.624   -2.549   -2.533   -1.588   -0.847   -0.841   -0.159    1.017    1.050
    2.144    2.765    2.817    2.963    3.083    3.180    3.227    3.401    3.419    4.010
    4.058    4.120    5.161    5.392    5.535    6.124    6.486    6.719    6.773    6.794
    6.885    6.913    7.151    7.175    7.338    7.498    7.591    7.783    8.008    8.242
    8.850    9.073    9.166    9.296    9.356    9.764    9.890    9.956   10.674   10.767
            0.048387  0.000000  0.000000
  -64.921  -64.916  -49.103  -49.103  -49.103  -49.102  -49.089  -49.089  -49.089  -49.089
  -49.080  -49.079  -33.612  -33.544  -33.513  -33.495  -33.461  -33.461  -15.693  -14.642
  -14.430  -14.205   -7.480   -6.822   -5.841   -5.410   -5.390   -5.210   -5.033   -4.030
   -3.659   -3.616   -2.581   -2.545   -1.587   -0.841   -0.826   -0.150    1.013    1.051
    2.156    2.714    2.814    2.971    3.070    3.223    3.230    3.427    3.433    4.018
    4.064    4.081    5.165    5.422    5.541    6.039    6.518    6.699    6.761    6.778
    6.807    6.918    7.163    7.229    7.451    7.504    7.521    7.717    8.088    8.328
    8.802    9.036    9.167    9.344    9.348    9.751    9.878    9.994   10.673   10.700
            0.064516  0.000000  0.000000
  -64.921  -64.916  -49.103  -49.103  -49.103  -49.102  -49.089  -49.089  -49.089  -49.089
  -49.080  -49.079  -33.612  -33.544  -33.513  -33.495  -33.462  -33.461  -15.689  -14.644
  -14.430  -14.210   -7.467   -6.816   -5.847   -5.423   -5.388   -5.209   -5.033   -4.025
   -3.659   -3.604   -2.624   -2.562   -1.584   -0.834   -0.807   -0.136    1.007    1.053
    2.173    2.658    2.809    2.982    3.056    3.218    3.284    3.440    3.472    4.029
    4.030    4.073    5.172    5.458    5.549    5.952    6.490    6.662    6.744    6.747
    6.826    6.923    7.181    7.258    7.459    7.512    7.574    7.659    8.178    8.413
    8.747    8.999    9.169    9.337    9.388    9.736    9.863   10.047   10.635   10.665
            0.080645  0.000000  0.000000
  -64.921  -64.916  -49.103  -49.103  -49.103  -49.102  -49.089  -49.089  -49.089  -49.089
  -49.080  -49.079  -33.611  -33.544  -33.514  -33.495  -33.463  -33.461  -15.682  -14.646
  -14.430  -14.217   -7.450   -6.809   -5.854   -5.439   -5.384   -5.207   -5.033   -4.020
   -3.659   -3.589   -2.677   -2.583   -1.581   -0.827   -0.782   -0.119    0.999    1.055
    2.194    2.600    2.804    2.996    3.043    3.211    3.337    3.462    3.517    3.970
    4.043    4.084    5.180    5.496    5.559    5.866    6.432    6.560    6.724    6.811
    6.849    6.930    7.204    7.236    7.429    7.522    7.614    7.709    8.268    8.487
    8.695    8.971    9.170    9.322    9.416    9.732    9.844   10.108   10.574   10.646
            0.096774  0.000000  0.000000
  -64.921  -64.916  -49.103  -49.103  -49.103  -49.102  -49.089  -49.089  -49.089  -49.089
  -49.080  -49.079  -33.610  -33.544  -33.514  -33.494  -33.464  -33.461  -15.675  -14.649
  -14.431  -14.225   -7.429   -6.801   -5.862   -5.458   -5.381   -5.205   -5.034   -4.012
   -3.659   -3.572   -2.738   -2.607   -1.577   -0.821   -0.753   -0.098    0.990    1.056
    2.219    2.541    2.798    3.012    3.033    3.203    3.382    3.495    3.566    3.902
    4.061    4.097    5.190    5.529    5.572    5.783    6.369    6.458    6.701    6.878
    6.881    6.936    7.181    7.231    7.378    7.535    7.647    7.828    8.354    8.525
    8.664    8.961    9.169    9.302    9.418    9.751    9.822   10.169   10.519   10.618
            0.112903  0.000000  0.000000
  -64.921  -64.916  -49.103  -49.103  -49.103  -49.102  -49.089  -49.089  -49.089  -49.089
  -49.080  -49.079  -33.609  -33.544  -33.514  -33.494  -33.465  -33.462  -15.666  -14.653
  -14.431  -14.234   -7.405   -6.790   -5.871   -5.480   -5.376   -5.203   -5.037   -4.002
   -3.659   -3.554   -2.807   -2.635   -1.572   -0.816   -0.720   -0.073    0.980    1.057
    2.245    2.486    2.791    3.026    3.031    3.194    3.415    3.542    3.619    3.830
    4.081    4.114    5.201    5.545    5.586    5.711    6.308    6.359    6.676    6.912
    6.937    6.943    7.132    7.263    7.306    7.550    7.712    7.951    8.415    8.516
    8.676    8.984    9.166    9.278    9.394    9.794    9.800   10.222   10.470   10.587
            0.129032  0.000000  0.000000
  -64.921  -64.917  -49.103  -49.103  -49.103  -49.102  -49.089  -49.089  -49.089  -49.089
  -49.080  -49.079  -33.607  -33.543  -33.514  -33.494  -33.467  -33.462  -15.655  -14.658
  -14.431  -14.245   -7.377   -6.779   -5.880   -5.504   -5.372   -5.201   -5.041   -3.990
   -3.659   -3.534   -2.882   -2.665   -1.567   -0.813   -0.684   -0.046    0.968    1.057
    2.269    2.438    2.783    3.024    3.052    3.183    3.442    3.600    3.673    3.756
    4.104    4.134    5.214    5.524    5.602    5.665    6.241    6.280    6.648    6.941
    6.950    6.951    7.129    7.230    7.299    7.567    7.788    8.076    8.399    8.531
    8.712    9.039    9.157    9.252    9.353    9.779    9.852   10.255   10.429   10.565
            0.145161  0.000000  0.000000
  -64.921  -64.917  -49.103  -49.103  -49.103  -49.102  -49.089  -49.089  -49.089  -49.089
  -49.080  -49.079  -33.606  -33.543  -33.515  -33.493  -33.469  -33.462  -15.644  -14.663
  -14.431  -14.256   -7.346   -6.766   -5.890   -5.530   -5.366   -5.198   -5.048   -3.975
   -3.658   -3.513   -2.962   -2.698   -1.561   -0.813   -0.644   -0.016    0.954    1.057
    2.276    2.412    2.775    3.025    3.076    3.171    3.465    3.661    3.669    3.740
    4.128    4.160    5.229    5.463    5.620    5.642    6.150    6.241    6.619    6.895
    6.958    6.993    7.133    7.198    7.340    7.587    7.865    8.198    8.341    8.550
    8.771    9.116    9.135    9.228    9.309    9.760    9.913   10.258   10.394   10.560
            0.161290  0.000000  0.000000
  -64.921  -64.917  -49.103  -49.103  -49.103  -49.102  -49.089  -49.089  -49.089  -49.089
  -49.080  -49.079  -33.604  -33.543  -33.515  -33.493  -33.470  -33.463  -15.631  -14.670
  -14.431  -14.268   -7.312   -6.751   -5.899   -5.558   -5.360   -5.196   -5.057   -3.957
   -3.657   -3.494   -3.044   -2.732   -1.554   -0.816   -0.602    0.017    0.940    1.055
    2.253    2.423    2.766    3.030    3.102    3.157    3.489    3.593    3.725    3.797
    4.153    4.191    5.246    5.385    5.615    5.639    6.054    6.222    6.588    6.835
    6.966    7.040    7.060    7.259    7.384    7.609    7.935    8.249    8.344    8.556
    8.848    9.098    9.188    9.212    9.284    9.746    9.970   10.238   10.367   10.570
            0.177419  0.000000  0.000000
  -64.921  -64.917  -49.103  -49.103  -49.103  -49.103  -49.089  -49.089  -49.089  -49.089
  -49.079  -49.079  -33.602  -33.542  -33.515  -33.493  -33.472  -33.463  -15.616  -14.678
  -14.431  -14.280   -7.275   -6.735   -5.909   -5.587   -5.353   -5.193   -5.068   -3.936
   -3.656   -3.478   -3.126   -2.768   -1.547   -0.821   -0.557    0.051    0.924    1.051
    2.210    2.458    2.758    3.038    3.130    3.143    3.513    3.516    3.788    3.858
    4.178    4.228    5.264    5.304    5.575    5.660    5.960    6.214    6.557    6.778
    6.974    6.985    7.091    7.330    7.433    7.633    7.991    8.186    8.450    8.572
    8.924    9.046    9.195    9.201    9.340    9.735   10.007   10.216   10.345   10.582
            0.193548  0.000000  0.000000
  -64.920  -64.917  -49.103  -49.103  -49.103  -49.103  -49.089  -49.089  -49.089  -49.089
  -49.079  -49.079  -33.600  -33.542  -33.516  -33.492  -33.474  -33.464  -15.601  -14.686
  -14.431  -14.292   -7.235   -6.718   -5.917   -5.617   -5.346   -5.190   -5.081   -3.913
   -3.655   -3.471   -3.202   -2.806   -1.539   -0.828   -0.511    0.086    0.907    1.046
    2.163    2.503    2.749    3.047    3.127    3.160    3.443    3.539    3.850    3.921
    4.204    4.271    5.221    5.284    5.522    5.681    5.867    6.205    6.526    6.727
    6.915    6.982    7.146    7.400    7.485    7.659    8.024    8.121    8.520    8.644
    8.971    8.985    9.192    9.200    9.435    9.729   10.006   10.217   10.329   10.575
            0.209677  0.000000  0.000000
  -64.920  -64.917  -49.103  -49.103  -49.103  -49.103  -49.089  -49.089  -49.089  -49.089
  -49.079  -49.079  -33.598  -33.541  -33.516  -33.492  -33.477  -33.464  -15.584  -14.697
  -14.431  -14.305   -7.193   -6.700   -5.925   -5.648   -5.339   -5.187   -5.097   -3.886
   -3.653   -3.485   -3.261   -2.844   -1.530   -0.838   -0.463    0.121    0.888    1.039
    2.116    2.554    2.740    3.053    3.110    3.192    3.378    3.567    3.910    3.985
    4.232    4.318    5.139    5.305    5.459    5.702    5.775    6.188    6.497    6.681
    6.859    6.990    7.205    7.468    7.540    7.687    8.008    8.082    8.562    8.762
    8.918    8.970    9.183    9.254    9.533    9.727    9.971   10.241   10.317   10.538
            0.225806  0.000000  0.000000
  -64.920  -64.917  -49.103  -49.103  -49.103  -49.103  -49.089  -49.089  -49.089  -49.089
  -49.079  -49.079  -33.595  -33.541  -33.517  -33.491  -33.479  -33.465  -15.566  -14.709
  -14.431  -14.318   -7.149   -6.680   -5.932   -5.679   -5.331   -5.184   -5.115   -3.857
   -3.650   -3.531   -3.289   -2.883   -1.520   -0.850   -0.414    0.157    0.869    1.031
    2.071    2.609    2.732    3.047    3.093    3.226    3.329    3.596    3.969    4.050
    4.261    4.370    5.058    5.327    5.391    5.685    5.723    6.157    6.470    6.631
    6.826    6.998    7.267    7.531    7.598    7.717    7.951    8.066    8.607    8.849
    8.884    8.951    9.173    9.338    9.624    9.728    9.924   10.272   10.308   10.500
            0.241935  0.000000  0.000000
  -64.920  -64.917  -49.103  -49.103  -49.103  -49.103  -49.089  -49.089  -49.089  -49.089
  -49.079  -49.079  -33.593  -33.540  -33.517  -33.490  -33.482  -33.465  -15.547  -14.722
  -14.431  -14.330   -7.102   -6.659   -5.938   -5.711   -5.323   -5.181   -5.134   -3.826
   -3.647   -3.605   -3.292   -2.922   -1.510   -0.864   -0.364    0.193    0.848    1.020
    2.029    2.666    2.724    3.020    3.074    3.262    3.308    3.627    4.026    4.114
    4.291    4.425    4.977    5.320    5.351    5.597    5.743    6.112    6.447    6.570
    6.818    7.005    7.332    7.588    7.659    7.749    7.889    8.044    8.653    8.779
    8.902    9.038    9.163    9.431    9.692    9.731    9.890   10.301   10.306   10.457
            0.258065  0.000000  0.000000
  -64.920  -64.917  -49.103  -49.103  -49.103  -49.103  -49.089  -49.089  -49.089  -49.089
  -49.079  -49.079  -33.590  -33.540  -33.518  -33.490  -33.485  -33.466  -15.527  -14.737
  -14.432  -14.341   -7.054   -6.638   -5.943   -5.742   -5.314   -5.179   -5.155   -3.792
   -3.694   -3.644   -3.282   -2.961   -1.499   -0.880   -0.314    0.229    0.827    1.008
    1.990    2.717    2.726    2.970    3.055    3.299    3.314    3.661    4.082    4.179
    4.323    4.482    4.898    5.247    5.375    5.511    5.762    6.057    6.429    6.502
    6.827    7.012    7.400    7.633    7.722    7.782    7.833    8.017    8.687    8.710
    8.890    9.152    9.172    9.522    9.707    9.735    9.901   10.294   10.347   10.401
            0.274194  0.000000  0.000000
  -64.920  -64.917  -49.103  -49.103  -49.103  -49.103  -49.089  -49.089  -49.089  -49.089
  -49.079  -49.079  -33.587  -33.539  -33.519  -33.489  -33.488  -33.467  -15.505  -14.754
  -14.432  -14.352   -7.005   -6.615   -5.947   -5.774   -5.306   -5.176   -5.176   -3.789
   -3.757   -3.639   -3.269   -3.000   -1.487   -0.897   -0.263    0.264    0.804    0.994
    1.955    2.710    2.788    2.906    3.035    3.338    3.339    3.696    4.137    4.243
    4.356    4.540    4.821    5.173    5.399    5.427    5.779    5.994    6.418    6.430
    6.842    7.019    7.471    7.657    7.786    7.792    7.815    7.989    8.644    8.697
    8.900    9.141    9.307    9.594    9.691    9.738    9.950   10.286   10.346   10.388
            0.290323  0.000000  0.000000
  -64.920  -64.917  -49.103  -49.103  -49.103  -49.103  -49.089  -49.089  -49.089  -49.089
  -49.079  -49.079  -33.584  -33.539  -33.519  -33.491  -33.488  -33.467  -15.483  -14.772
  -14.432  -14.362   -6.955   -6.592   -5.949   -5.805   -5.297   -5.198   -5.174   -3.887
   -3.721   -3.634   -3.254   -3.039   -1.474   -0.916   -0.212    0.299    0.781    0.978
    1.925    2.705    2.835    2.851    3.014    3.376    3.378    3.733    4.191    4.305
    4.390    4.598    4.747    5.099    5.344    5.423    5.794    5.927    6.357    6.415
    6.855    7.025    7.543    7.644    7.777    7.849    7.852    7.968    8.584    8.687
    8.925    9.129    9.435    9.593    9.738    9.739   10.005   10.276   10.292   10.351
            0.306452  0.000000  0.000000
  -64.920  -64.917  -49.103  -49.103  -49.103  -49.103  -49.089  -49.089  -49.089  -49.089
  -49.079  -49.079  -33.581  -33.538  -33.520  -33.494  -33.488  -33.468  -15.460  -14.792
  -14.432  -14.372   -6.904   -6.568   -5.951   -5.835   -5.288   -5.218   -5.172   -3.986
   -3.683   -3.628   -3.240   -3.077   -1.460   -0.936   -0.162    0.333    0.756    0.961
    1.899    2.700    2.761    2.914    2.993    3.420    3.421    3.772    4.245    4.363
    4.425    4.653    4.677    5.027    5.264    5.446    5.808    5.856    6.284    6.421
    6.860    7.031    7.606    7.618    7.774    7.884    7.919    7.962    8.530    8.670
    8.951    9.117    9.492    9.617    9.735    9.820   10.054   10.239   10.261   10.313
            0.322581  0.000000  0.000000
  -64.920  -64.917  -49.103  -49.103  -49.103  -49.103  -49.089  -49.089  -49.089  -49.089
  -49.079  -49.079  -33.578  -33.537  -33.520  -33.497  -33.487  -33.469  -15.435  -14.814
  -14.432  -14.380   -6.853   -6.544   -5.951   -5.864   -5.279   -5.237   -5.171   -4.086
   -3.645   -3.621   -3.228   -3.115   -1.445   -0.957   -0.112    0.366    0.731    0.942
    1.878    2.687    2.697    2.972    2.979    3.463    3.469    3.813    4.299    4.412
    4.460    4.615    4.705    4.956    5.185    5.467    5.785    5.823    6.211    6.435
    6.854    7.037    7.558    7.693    7.763    7.918    7.975    7.985    8.484    8.654
    8.969    9.105    9.449    9.725    9.728    9.912   10.098   10.186   10.241   10.275
            0.338710  0.000000  0.000000
  -64.920  -64.918  -49.103  -49.103  -49.103  -49.103  -49.089  -49.089  -49.089  -49.089
  -49.079  -49.079  -33.575  -33.537  -33.521  -33.500  -33.486  -33.470  -15.410  -14.837
  -14.432  -14.388   -6.803   -6.521   -5.952   -5.892   -5.270   -5.252   -5.170   -4.185
   -3.612   -3.607   -3.218   -3.151   -1.430   -0.980   -0.062    0.399    0.705    0.922
    1.862    2.613    2.695    2.951    3.044    3.507    3.520    3.856    4.353    4.434
    4.496    4.579    4.753    4.888    5.109    5.485    5.713    5.840    6.140    6.459
    6.836    7.042    7.506    7.743    7.770    7.951    8.002    8.051    8.447    8.640
    8.976    9.094    9.391    9.706    9.835   10.014   10.135   10.145   10.217   10.235
            0.354839  0.000000  0.000000
  -64.920  -64.918  -49.103  -49.103  -49.103  -49.103  -49.089  -49.089  -49.089  -49.089
  -49.079  -49.079  -33.571  -33.536  -33.522  -33.504  -33.486  -33.470  -15.384  -14.862
  -14.432  -14.394   -6.753   -6.497   -5.952   -5.919   -5.264   -5.261   -5.169   -4.283
   -3.603   -3.568   -3.210   -3.187   -1.414   -1.003   -0.013    0.430    0.677    0.902
    1.852    2.541    2.695    2.929    3.109    3.552    3.571    3.901    4.407    4.407
    4.530    4.591    4.794    4.824    5.036    5.500    5.641    5.861    6.070    6.490
    6.805    7.048    7.452    7.717    7.847    7.982    8.041    8.115    8.421    8.626
    8.974    9.082    9.332    9.676    9.914   10.085   10.128   10.192   10.195   10.209
            0.370968  0.000000  0.000000
  -64.920  -64.918  -49.103  -49.103  -49.103  -49.103  -49.089  -49.089  -49.089  -49.089
  -49.079  -49.079  -33.568  -33.535  -33.523  -33.507  -33.485  -33.471  -15.357  -14.888
  -14.431  -14.400   -6.706   -6.475   -5.953   -5.943   -5.271   -5.252   -5.169   -4.380
   -3.592   -3.530   -3.222   -3.205   -1.396   -1.027    0.035    0.461    0.649    0.880
    1.848    2.470    2.696    2.908    3.173    3.599    3.621    3.948    4.354    4.459
    4.564    4.621    4.768    4.830    4.967    5.512    5.570    5.888    6.002    6.528
    6.764    7.056    7.394    7.685    7.923    8.011    8.088    8.176    8.407    8.612
    8.967    9.072    9.273    9.633    9.958   10.037   10.153   10.167   10.248   10.306
            0.387097  0.000000  0.000000
  -64.919  -64.918  -49.103  -49.103  -49.103  -49.103  -49.089  -49.089  -49.089  -49.089
  -49.079  -49.079  -33.564  -33.535  -33.523  -33.511  -33.484  -33.472  -15.330  -14.915
  -14.431  -14.405   -6.660   -6.454   -5.966   -5.954   -5.272   -5.243   -5.170   -4.475
   -3.580   -3.493   -3.256   -3.203   -1.378   -1.051    0.082    0.491    0.619    0.857
    1.849    2.401    2.698    2.887    3.238    3.646    3.667    3.996    4.295    4.509
    4.597    4.636    4.730    4.860    4.905    5.499    5.522    5.921    5.937    6.572
    6.715    7.066    7.335    7.649    7.998    8.039    8.142    8.233    8.404    8.593
    8.961    9.062    9.217    9.577    9.980    9.992   10.109   10.146   10.364   10.433
            0.403226  0.000000  0.000000
  -64.919  -64.918  -49.103  -49.103  -49.103  -49.103  -49.089  -49.089  -49.089  -49.089
  -49.079  -49.079  -33.561  -33.534  -33.524  -33.514  -33.483  -33.473  -15.301  -14.943
  -14.431  -14.410   -6.616   -6.436   -5.985   -5.958   -5.265   -5.235   -5.171   -4.567
   -3.567   -3.457   -3.289   -3.204   -1.359   -1.076    0.129    0.521    0.589    0.834
    1.856    2.336    2.702    2.867    3.302    3.694    3.707    4.046    4.238    4.551
    4.613    4.632    4.719    4.861    4.887    5.430    5.530    5.875    5.960    6.620
    6.660    7.080    7.276    7.606    8.064    8.070    8.199    8.284    8.412    8.570
    8.957    9.052    9.163    9.510    9.950    9.992   10.065   10.128   10.483   10.575
            0.419355  0.000000  0.000000
  -64.919  -64.918  -49.103  -49.103  -49.103  -49.103  -49.089  -49.089  -49.089  -49.089
  -49.079  -49.079  -33.557  -33.533  -33.525  -33.518  -33.482  -33.474  -15.272  -14.972
  -14.430  -14.414   -6.576   -6.421   -6.001   -5.963   -5.249   -5.227   -5.173   -4.656
   -3.552   -3.422   -3.320   -3.209   -1.339   -1.101    0.174    0.549    0.557    0.810
    1.869    2.273    2.708    2.847    3.365    3.736    3.742    4.098    4.184    4.574
    4.578    4.672    4.695    4.850    4.911    5.361    5.538    5.817    6.005    6.601
    6.671    7.099    7.216    7.559    8.090    8.140    8.253    8.328    8.428    8.545
    8.956    9.043    9.115    9.434    9.913   10.000   10.021   10.113   10.606   10.652
            0.435484  0.000000  0.000000
  -64.919  -64.918  -49.103  -49.103  -49.103  -49.103  -49.089  -49.089  -49.089  -49.089
  -49.079  -49.079  -33.553  -33.533  -33.525  -33.522  -33.481  -33.474  -15.243  -15.001
  -14.430  -14.417   -6.538   -6.411   -6.012   -5.971   -5.225   -5.219   -5.176   -4.742
   -3.536   -3.389   -3.350   -3.216   -1.318   -1.126    0.218    0.525    0.577    0.786
    1.887    2.213    2.715    2.827    3.427    3.752    3.790    4.135    4.151    4.536
    4.589    4.651    4.719    4.863    4.935    5.295    5.546    5.763    6.055    6.540
    6.723    7.124    7.157    7.509    8.116    8.204    8.296    8.363    8.452    8.525
    8.958    9.034    9.076    9.354    9.883    9.978   10.008   10.101   10.637   10.731
            0.451613  0.000000  0.000000
  -64.919  -64.918  -49.103  -49.103  -49.103  -49.103  -49.089  -49.089  -49.089  -49.089
  -49.079  -49.079  -33.550  -33.532  -33.526  -33.525  -33.481  -33.475  -15.213  -15.031
  -14.429  -14.420   -6.505   -6.407   -6.019   -5.980   -5.211   -5.191   -5.179   -4.824
   -3.518   -3.378   -3.358   -3.228   -1.296   -1.152    0.261    0.491    0.605    0.761
    1.911    2.157    2.724    2.809    3.488    3.750    3.838    4.092    4.205    4.502
    4.588    4.604    4.768    4.880    4.961    5.232    5.556    5.715    6.108    6.476
    6.776    7.099    7.156    7.455    8.144    8.262    8.315    8.387    8.479    8.521
    8.962    9.025    9.048    9.273    9.861    9.938   10.018   10.089   10.629   10.738
            0.467742  0.000000  0.000000
  -64.919  -64.918  -49.103  -49.103  -49.103  -49.103  -49.089  -49.089  -49.089  -49.089
  -49.079  -49.079  -33.546  -33.533  -33.527  -33.527  -33.480  -33.476  -15.183  -15.061
  -14.428  -14.422   -6.475   -6.408   -6.020   -5.990   -5.205   -5.183   -5.148   -4.901
   -3.498   -3.405   -3.330   -3.242   -1.273   -1.177    0.302    0.455    0.632    0.736
    1.940    2.105    2.735    2.792    3.547    3.731    3.885    4.052    4.260    4.467
    4.568    4.579    4.814    4.891    4.991    5.171    5.569    5.673    6.165    6.412
    6.828    7.042    7.195    7.400    8.175    8.304    8.312    8.398    8.506    8.533
    8.969    9.017    9.036    9.195    9.849    9.903   10.029   10.077   10.628   10.701
            0.483871  0.000000  0.000000
  -64.919  -64.918  -49.103  -49.103  -49.103  -49.103  -49.089  -49.089  -49.089  -49.089
  -49.079  -49.079  -33.542  -33.535  -33.528  -33.528  -33.479  -33.477  -15.153  -15.092
  -14.427  -14.424   -6.450   -6.416   -6.017   -6.001   -5.198   -5.187   -5.097   -4.973
   -3.478   -3.431   -3.303   -3.259   -1.250   -1.202    0.342    0.419    0.658    0.710
    1.974    2.057    2.747    2.776    3.603    3.698    3.930    4.014    4.316    4.423
    4.553    4.566    4.852    4.892    5.025    5.115    5.586    5.637    6.224    6.348
    6.881    6.988    7.240    7.344    8.208    8.277    8.352    8.396    8.529    8.544
    8.981    9.007    9.042    9.125    9.847    9.875   10.041   10.065   10.635   10.671
            0.500000  0.000000  0.000000
  -64.919  -64.919  -49.103  -49.103  -49.103  -49.103  -49.089  -49.089  -49.089  -49.089
  -49.079  -49.079  -33.538  -33.538  -33.528  -33.528  -33.478  -33.478  -15.122  -15.122
  -14.426  -14.426   -6.430   -6.430   -6.010   -6.010   -5.193   -5.193   -5.039   -5.039
   -3.455   -3.455   -3.280   -3.280   -1.226   -1.226    0.381    0.381    0.685    0.685
    2.013    2.013    2.761    2.761    3.654    3.654    3.973    3.973    4.371    4.371
    4.555    4.555    4.879    4.879    5.066    5.066    5.608    5.608    6.286    6.286
    6.934    6.934    7.291    7.291    8.243    8.243    8.381    8.381    8.543    8.543
    8.996    8.996    9.072    9.072    9.856    9.856   10.053   10.053   10.649   10.649
            0.500000  0.027936  0.000000
  -64.919  -64.919  -49.103  -49.103  -49.103  -49.103  -49.089  -49.089  -49.089  -49.089
  -49.079  -49.079  -33.539  -33.539  -33.528  -33.528  -33.478  -33.478  -15.121  -15.121
  -14.426  -14.426   -6.428   -6.428   -6.011   -6.011   -5.201   -5.201   -5.032   -5.032
   -3.468   -3.468   -3.279   -3.279   -1.214   -1.214    0.364    0.364    0.699    0.699
    2.017    2.017    2.744    2.744    3.663    3.663    3.979    3.979    4.375    4.375
    4.568    4.568    4.884    4.884    5.070    5.070    5.611    5.611    6.289    6.289
    6.930    6.930    7.290    7.290    8.215    8.215    8.347    8.347    8.580    8.580
    8.995    8.995    9.062    9.062    9.860    9.860   10.070   10.070   10.660   10.660
            0.500000  0.055872  0.000000
  -64.919  -64.919  -49.103  -49.103  -49.103  -49.103  -49.089  -49.089  -49.089  -49.089
  -49.079  -49.079  -33.539  -33.539  -33.528  -33.528  -33.479  -33.479  -15.116  -15.116
  -14.426  -14.426   -6.423   -6.423   -6.013   -6.013   -5.221   -5.221   -5.015   -5.015
   -3.504   -3.504   -3.277   -3.277   -1.178   -1.178    0.318    0.318    0.735    0.735
    2.027    2.027    2.698    2.698    3.686    3.686    3.995    3.995    4.388    4.388
    4.607    4.607    4.900    4.900    5.084    5.084    5.619    5.619    6.299    6.299
    6.919    6.919    7.290    7.290    8.145    8.145    8.277    8.277    8.643    8.643
    8.993    8.993    9.044    9.044    9.867    9.867   10.116   10.116   10.693   10.693
            0.500000  0.083809  0.000000
  -64.919  -64.919  -49.103  -49.103  -49.103  -49.103  -49.089  -49.089  -49.089  -49.089
  -49.079  -49.079  -33.539  -33.539  -33.528  -33.528  -33.479  -33.479  -15.108  -15.108
  -14.426  -14.426   -6.414   -6.414   -6.017   -6.017   -5.248   -5.248   -4.995   -4.995
   -3.560   -3.560   -3.274   -3.274   -1.121   -1.121    0.256    0.256    0.780    0.780
    2.043    2.043    2.633    2.633    3.717    3.717    4.020    4.020    4.408    4.408
    4.668    4.668    4.926    4.926    5.108    5.108    5.632    5.632    6.315    6.315
    6.895    6.895    7.289    7.289    8.063    8.063    8.182    8.182    8.695    8.695
    8.985    8.985    9.043    9.043    9.874    9.874   10.173   10.173   10.751   10.751
            0.500000  0.111745  0.000000
  -64.919  -64.919  -49.103  -49.103  -49.103  -49.103  -49.089  -49.089  -49.089  -49.089
  -49.079  -49.079  -33.540  -33.540  -33.528  -33.528  -33.480  -33.480  -15.097  -15.097
  -14.426  -14.426   -6.403   -6.403   -6.022   -6.022   -5.278   -5.278   -4.975   -4.975
   -3.630   -3.630   -3.271   -3.271   -1.049   -1.049    0.186    0.186    0.828    0.828
    2.063    2.063    2.561    2.561    3.753    3.753    4.051    4.051    4.432    4.432
    4.744    4.744    4.964    4.964    5.147    5.147    5.650    5.650    6.338    6.338
    6.855    6.855    7.289    7.289    7.985    7.985    8.067    8.067    8.726    8.726
    8.968    8.968    9.074    9.074    9.882    9.882   10.223   10.223   10.829   10.829
            0.500000  0.139681  0.000000
  -64.918  -64.918  -49.103  -49.103  -49.103  -49.103  -49.089  -49.089  -49.089  -49.089
  -49.079  -49.079  -33.540  -33.540  -33.528  -33.528  -33.482  -33.482  -15.082  -15.082
  -14.426  -14.426   -6.390   -6.390   -6.028   -6.028   -5.308   -5.308   -4.957   -4.957
   -3.711   -3.711   -3.269   -3.269   -0.965   -0.965    0.112    0.112    0.875    0.875
    2.083    2.083    2.494    2.494    3.790    3.790    4.088    4.088    4.461    4.461
    4.820    4.820    5.012    5.012    5.209    5.209    5.675    5.675    6.365    6.365
    6.795    6.795    7.293    7.293    7.898    7.898    7.964    7.964    8.738    8.738
    8.952    8.952    9.125    9.125    9.892    9.892   10.259   10.259   10.910   10.910
            0.500000  0.167617  0.000000
  -64.918  -64.918  -49.103  -49.103  -49.103  -49.103  -49.089  -49.089  -49.089  -49.089
  -49.079  -49.079  -33.541  -33.541  -33.527  -33.527  -33.483  -33.483  -15.065  -15.065
  -14.426  -14.426   -6.375   -6.375   -6.035   -6.035   -5.337   -5.337   -4.943   -4.943
   -3.795   -3.795   -3.269   -3.269   -0.875   -0.875    0.038    0.038    0.920    0.920
    2.095    2.095    2.444    2.444    3.829    3.829    4.127    4.127    4.495    4.495
    4.888    4.888    5.062    5.062    5.299    5.299    5.707    5.707    6.394    6.394
    6.714    6.714    7.302    7.302    7.767    7.767    7.920    7.920    8.735    8.735
    8.942    8.942    9.183    9.183    9.906    9.906   10.279   10.279   10.973   10.973
            0.500000  0.195554  0.000000
  -64.918  -64.918  -49.103  -49.103  -49.103  -49.103  -49.089  -49.089  -49.089  -49.089
  -49.079  -49.079  -33.542  -33.542  -33.527  -33.527  -33.484  -33.484  -15.046  -15.046
  -14.426  -14.426   -6.362   -6.362   -6.042   -6.042   -5.364   -5.364   -4.935   -4.935
   -3.877   -3.877   -3.272   -3.272   -0.784   -0.784   -0.034   -0.034    0.961    0.961
    2.093    2.093    2.422    2.422    3.871    3.871    4.171    4.171    4.534    4.534
    4.945    4.945    5.109    5.109    5.412    5.412    5.753    5.753    6.418    6.418
    6.624    6.624    7.317    7.317    7.630    7.630    7.910    7.910    8.720    8.720
    8.942    8.942    9.243    9.243    9.922    9.922   10.286   10.286   11.004   11.004
            0.500000  0.223490  0.000000
  -64.918  -64.918  -49.103  -49.103  -49.103  -49.103  -49.089  -49.089  -49.089  -49.089
  -49.079  -49.079  -33.544  -33.544  -33.527  -33.527  -33.486  -33.486  -15.023  -15.023
  -14.426  -14.426   -6.353   -6.353   -6.048   -6.048   -5.387   -5.387   -4.934   -4.934
   -3.953   -3.953   -3.279   -3.279   -0.698   -0.698   -0.098   -0.098    0.998    0.998
    2.075    2.075    2.431    2.431    3.916    3.916    4.217    4.217    4.578    4.578
    4.992    4.992    5.152    5.152    5.521    5.521    5.824    5.824    6.402    6.402
    6.565    6.565    7.337    7.337    7.506    7.506    7.921    7.921    8.693    8.693
    8.953    8.953    9.300    9.300    9.939    9.939   10.280   10.280   11.002   11.002
            0.500000  0.251426  0.000000
  -64.918  -64.918  -49.103  -49.103  -49.103  -49.103  -49.089  -49.089  -49.089  -49.089
  -49.079  -49.079  -33.546  -33.546  -33.526  -33.526  -33.488  -33.488  -14.999  -14.999
  -14.426  -14.426   -6.349   -6.349   -6.053   -6.053   -5.407   -5.407   -4.941   -4.941
   -4.019   -4.019   -3.290   -3.290   -0.627   -0.627   -0.146   -0.146    1.030    1.030
    2.050    2.050    2.465    2.465    3.964    3.964    4.267    4.267    4.627    4.627
    5.027    5.027    5.195    5.195    5.603    5.603    5.929    5.929    6.320    6.320
    6.573    6.573    7.345    7.345    7.422    7.422    7.946    7.946    8.658    8.658
    8.972    8.972    9.354    9.354    9.949    9.949   10.266   10.266   10.979   10.979
            0.500000  0.279362  0.000000
  -64.918  -64.918  -49.103  -49.103  -49.103  -49.103  -49.089  -49.089  -49.089  -49.089
  -49.079  -49.079  -33.548  -33.548  -33.526  -33.526  -33.489  -33.489  -14.973  -14.973
  -14.425  -14.425   -6.355   -6.355   -6.054   -6.054   -5.421   -5.421   -4.955   -4.955
   -4.071   -4.071   -3.307   -3.307   -0.587   -0.587   -0.163   -0.163    1.058    1.058
    2.030    2.030    2.513    2.513    4.015    4.015    4.319    4.319    4.681    4.681
    5.042    5.042    5.241    5.241    5.652    5.652    6.048    6.048    6.235    6.235
    6.608    6.608    7.303    7.303    7.428    7.428    7.982    7.982    8.617    8.617
    8.996    8.996    9.404    9.404    9.944    9.944   10.253   10.253   10.943   10.943
            0.500000  0.307299  0.000000
  -64.918  -64.918  -49.103  -49.103  -49.103  -49.103  -49.089  -49.089  -49.089  -49.089
  -49.079  -49.079  -33.551  -33.551  -33.525  -33.525  -33.490  -33.490  -14.945  -14.945
  -14.424  -14.424   -6.373   -6.373   -6.052   -6.052   -5.428   -5.428   -4.976   -4.976
   -4.109   -4.109   -3.331   -3.331   -0.589   -0.589   -0.139   -0.139    1.079    1.079
    2.021    2.021    2.571    2.571    4.070    4.070    4.373    4.373    4.740    4.740
    5.030    5.030    5.292    5.292    5.675    5.675    6.069    6.069    6.273    6.273
    6.651    6.651    7.273    7.273    7.466    7.466    8.024    8.024    8.574    8.574
    9.022    9.022    9.451    9.451    9.916    9.916   10.253   10.253   10.902   10.902
            0.500000  0.335235  0.000000
  -64.918  -64.918  -49.103  -49.103  -49.103  -49.103  -49.089  -49.089  -49.089  -49.089
  -49.079  -49.079  -33.554  -33.554  -33.524  -33.524  -33.492  -33.492  -14.916  -14.916
  -14.422  -14.422   -6.404   -6.404   -6.046   -6.046   -5.429   -5.429   -5.002   -5.002
   -4.132   -4.132   -3.360   -3.360   -0.627   -0.627   -0.080   -0.080    1.095    1.095
    2.025    2.025    2.634    2.634    4.125    4.125    4.425    4.425    4.803    4.803
    4.993    4.993    5.342    5.342    5.673    5.673    6.023    6.023    6.406    6.406
    6.701    6.701    7.282    7.282    7.513    7.513    8.066    8.066    8.528    8.528
    9.046    9.046    9.493    9.493    9.868    9.868   10.267   10.267   10.858   10.858
            0.500000  0.363171  0.000000
  -64.918  -64.918  -49.103  -49.103  -49.103  -49.103  -49.089  -49.089  -49.089  -49.089
  -49.079  -49.079  -33.558  -33.558  -33.523  -33.523  -33.493  -33.493  -14.886  -14.886
  -14.419  -14.419   -6.447   -6.447   -6.038   -6.038   -5.422   -5.422   -5.030   -5.030
   -4.141   -4.141   -3.396   -3.396   -0.684   -0.684   -0.004   -0.004    1.106    1.106
    2.045    2.045    2.700    2.700    4.180    4.180    4.472    4.472    4.865    4.865
    4.944    4.944    5.380    5.380    5.650    5.650    6.012    6.012    6.535    6.535
    6.763    6.763    7.326    7.326    7.566    7.566    8.105    8.105    8.483    8.483
    9.065    9.065    9.532    9.532    9.818    9.818   10.285   10.285   10.807   10.807
            0.500000  0.391107  0.000000
  -64.918  -64.918  -49.103  -49.103  -49.103  -49.103  -49.089  -49.089  -49.089  -49.089
  -49.079  -49.079  -33.561  -33.561  -33.523  -33.523  -33.494  -33.494  -14.856  -14.856
  -14.415  -14.415   -6.501   -6.501   -6.030   -6.030   -5.407   -5.407   -5.056   -5.056
   -4.140   -4.140   -3.437   -3.437   -0.750   -0.750    0.081    0.081    1.112    1.112
    2.080    2.080    2.769    2.769    4.225    4.225    4.504    4.504    4.868    4.868
    4.961    4.961    5.375    5.375    5.642    5.642    6.040    6.040    6.645    6.645
    6.840    6.840    7.397    7.397    7.627    7.627    8.134    8.134    8.443    8.443
    9.072    9.072    9.566    9.566    9.781    9.781   10.294   10.294   10.728   10.728
            0.500000  0.419044  0.000000
  -64.918  -64.918  -49.103  -49.103  -49.103  -49.103  -49.089  -49.089  -49.089  -49.089
  -49.079  -49.079  -33.565  -33.565  -33.522  -33.522  -33.494  -33.494  -14.827  -14.827
  -14.409  -14.409   -6.565   -6.565   -6.023   -6.023   -5.385   -5.385   -5.080   -5.080
   -4.129   -4.129   -3.484   -3.484   -0.820   -0.820    0.168    0.168    1.114    1.114
    2.128    2.128    2.838    2.838    4.242    4.242    4.522    4.522    4.848    4.848
    5.030    5.030    5.318    5.318    5.682    5.682    6.094    6.094    6.737    6.737
    6.927    6.927    7.479    7.479    7.693    7.693    8.146    8.146    8.412    8.412
    9.065    9.065    9.595    9.595    9.769    9.769   10.273   10.273   10.575   10.575
            0.500000  0.446980  0.000000
  -64.917  -64.917  -49.103  -49.103  -49.103  -49.103  -49.089  -49.089  -49.089  -49.089
  -49.079  -49.079  -33.570  -33.570  -33.521  -33.521  -33.495  -33.495  -14.798  -14.798
  -14.402  -14.402   -6.637   -6.637   -6.016   -6.016   -5.357   -5.357   -5.098   -5.098
   -4.112   -4.112   -3.534   -3.534   -0.891   -0.891    0.256    0.256    1.114    1.114
    2.189    2.189    2.909    2.909    4.206    4.206    4.545    4.545    4.852    4.852
    5.093    5.093    5.260    5.260    5.750    5.750    6.164    6.164    6.814    6.814
    7.012    7.012    7.562    7.562    7.761    7.761    8.138    8.138    8.397    8.397
    9.041    9.041    9.622    9.622    9.782    9.782   10.199   10.199   10.367   10.367
            0.500000  0.474916  0.000000
  -64.917  -64.917  -49.103  -49.103  -49.103  -49.103  -49.089  -49.089  -49.089  -49.089
  -49.079  -49.079  -33.574  -33.574  -33.520  -33.520  -33.495  -33.495  -14.772  -14.772
  -14.393  -14.393   -6.715   -6.715   -6.009   -6.009   -5.325   -5.325   -5.112   -5.112
   -4.088   -4.088   -3.587   -3.587   -0.963   -0.963    0.343    0.343    1.112    1.112
    2.259    2.259    2.980    2.980    4.119    4.119    4.581    4.581    4.855    4.855
    5.122    5.122    5.272    5.272    5.830    5.830    6.243    6.243    6.878    6.878
    7.088    7.088    7.635    7.635    7.824    7.824    8.119    8.119    8.402    8.402
    9.003    9.003    9.644    9.644    9.798    9.798   10.059   10.059   10.187   10.187
            0.500000  0.502852  0.000000
  -64.917  -64.917  -49.103  -49.103  -49.103  -49.103  -49.089  -49.089  -49.089  -49.089
  -49.079  -49.079  -33.578  -33.578  -33.519  -33.519  -33.495  -33.495  -14.747  -14.747
  -14.381  -14.381   -6.796   -6.796   -6.002   -6.002   -5.293   -5.293   -5.119   -5.119
   -4.061   -4.061   -3.641   -3.641   -1.034   -1.034    0.427    0.427    1.108    1.108
    2.337    2.337    3.051    3.051    4.007    4.007    4.599    4.599    4.847    4.847
    5.152    5.152    5.349    5.349    5.918    5.918    6.329    6.329    6.920    6.920
    7.155    7.155    7.690    7.690    7.874    7.874    8.105    8.105    8.426    8.426
    8.955    8.955    9.634    9.634    9.778    9.778    9.896    9.896   10.072   10.072
            0.500000  0.530789  0.000000
  -64.917  -64.917  -49.103  -49.103  -49.103  -49.103  -49.089  -49.089  -49.089  -49.089
  -49.079  -49.079  -33.583  -33.583  -33.518  -33.518  -33.496  -33.496  -14.725  -14.725
  -14.368  -14.368   -6.879   -6.879   -5.993   -5.993   -5.264   -5.264   -5.118   -5.118
   -4.031   -4.031   -3.695   -3.695   -1.103   -1.103    0.509    0.509    1.104    1.104
    2.421    2.421    3.122    3.122    3.888    3.888    4.551    4.551    4.878    4.878
    5.214    5.214    5.446    5.446    6.008    6.008    6.419    6.419    6.934    6.934
    7.216    7.216    7.709    7.709    7.916    7.916    8.110    8.110    8.467    8.467
    8.902    8.902    9.512    9.512    9.698    9.698    9.812    9.812   10.012   10.012
            0.500000  0.558725  0.000000
  -64.917  -64.917  -49.103  -49.103  -49.103  -49.103  -49.089  -49.089  -49.089  -49.089
  -49.079  -49.079  -33.587  -33.587  -33.518  -33.518  -33.496  -33.496  -14.706  -14.706
  -14.352  -14.352   -6.962   -6.962   -5.983   -5.983   -5.241   -5.241   -5.110   -5.110
   -3.999   -3.999   -3.745   -3.745   -1.169   -1.169    0.587    0.587    1.099    1.099
    2.507    2.507    3.191    3.191    3.774    3.774    4.452    4.452    4.951    4.951
    5.295    5.295    5.552    5.552    6.096    6.096    6.510    6.510    6.920    6.920
    7.272    7.272    7.681    7.681    7.966    7.966    8.127    8.127    8.516    8.516
    8.852    8.852    9.313    9.313    9.564    9.564    9.793    9.793    9.966    9.966
            0.500000  0.586661  0.000000
  -64.917  -64.917  -49.103  -49.103  -49.103  -49.103  -49.089  -49.089  -49.089  -49.089
  -49.079  -49.079  -33.591  -33.591  -33.517  -33.517  -33.496  -33.496  -14.691  -14.691
  -14.334  -14.334   -7.043   -7.043   -5.971   -5.971   -5.225   -5.225   -5.095   -5.095
   -3.969   -3.969   -3.789   -3.789   -1.233   -1.233    0.660    0.660    1.094    1.094
    2.594    2.594    3.256    3.256    3.675    3.675    4.334    4.334    5.045    5.045
    5.384    5.384    5.665    5.665    6.177    6.177    6.597    6.597    6.896    6.896
    7.320    7.320    7.614    7.614    8.026    8.026    8.140    8.140    8.555    8.555
    8.828    8.828    9.100    9.100    9.419    9.419    9.724    9.724    9.957    9.957
            0.500000  0.614597  0.000000
  -64.917  -64.917  -49.103  -49.103  -49.103  -49.103  -49.089  -49.089  -49.089  -49.089
  -49.079  -49.079  -33.595  -33.595  -33.516  -33.516  -33.496  -33.496  -14.678  -14.678
  -14.315  -14.315   -7.121   -7.121   -5.957   -5.957   -5.216   -5.216   -5.076   -5.076
   -3.948   -3.948   -3.819   -3.819   -1.294   -1.294    0.729    0.729    1.088    1.088
    2.678    2.678    3.304    3.304    3.607    3.607    4.212    4.212    5.149    5.149
    5.475    5.475    5.784    5.784    6.239    6.239    6.670    6.670    6.896    6.896
    7.357    7.357    7.524    7.524    8.074    8.074    8.150    8.150    8.564    8.564
    8.838    8.838    8.899    8.899    9.281    9.281    9.601    9.601    9.971    9.971
            0.500000  0.642533  0.000000
  -64.917  -64.917  -49.103  -49.103  -49.103  -49.103  -49.089  -49.089  -49.089  -49.089
  -49.079  -49.079  -33.598  -33.598  -33.516  -33.516  -33.496  -33.496  -14.667  -14.667
  -14.296  -14.296   -7.194   -7.194   -5.941   -5.941   -5.211   -5.211   -5.058   -5.058
   -3.946   -3.946   -3.824   -3.824   -1.350   -1.350    0.791    0.791    1.082    1.082
    2.758    2.758    3.312    3.312    3.596    3.596    4.090    4.090    5.260    5.260
    5.561    5.561    5.909    5.909    6.269    6.269    6.726    6.726    6.945    6.945
    7.375    7.375    7.422    7.422    8.049    8.049    8.205    8.205    8.546    8.546
    8.684    8.684    8.890    8.890    9.176    9.176    9.453    9.453    9.965    9.965
            0.500000  0.670470  0.000000
  -64.917  -64.917  -49.103  -49.103  -49.103  -49.103  -49.089  -49.089  -49.089  -49.089
  -49.079  -49.079  -33.602  -33.602  -33.515  -33.515  -33.496  -33.496  -14.659  -14.659
  -14.276  -14.276   -7.261   -7.261   -5.924   -5.924   -5.208   -5.208   -5.043   -5.043
   -3.962   -3.962   -3.804   -3.804   -1.402   -1.402    0.846    0.846    1.077    1.077
    2.830    2.830    3.284    3.284    3.641    3.641    3.974    3.974    5.375    5.375
    5.630    5.630    6.039    6.039    6.272    6.272    6.790    6.790    7.032    7.032
    7.310    7.310    7.380    7.380    7.973    7.973    8.278    8.278    8.437    8.437
    8.589    8.589    8.858    8.858    9.162    9.162    9.300    9.300    9.929    9.929
            0.500000  0.698406  0.000000
  -64.917  -64.917  -49.103  -49.103  -49.102  -49.102  -49.089  -49.089  -49.089  -49.089
  -49.079  -49.079  -33.605  -33.605  -33.515  -33.515  -33.496  -33.496  -14.653  -14.653
  -14.258  -14.258   -7.321   -7.321   -5.906   -5.906   -5.207   -5.207   -5.034   -5.034
   -3.982   -3.982   -3.775   -3.775   -1.449   -1.449    0.894    0.894    1.071    1.071
    2.894    2.894    3.248    3.248    3.705    3.705    3.874    3.874    5.488    5.488
    5.672    5.672    6.173    6.173    6.277    6.277    6.867    6.867    7.132    7.132
    7.202    7.202    7.369    7.369    7.872    7.872    8.220    8.220    8.383    8.383
    8.569    8.569    8.771    8.771    9.136    9.136    9.246    9.246    9.871    9.871
            0.500000  0.726342  0.000000
  -64.916  -64.916  -49.103  -49.103  -49.102  -49.102  -49.089  -49.089  -49.089  -49.089
  -49.079  -49.079  -33.607  -33.607  -33.514  -33.514  -33.495  -33.495  -14.648  -14.648
  -14.241  -14.241   -7.374   -7.374   -5.888   -5.888   -5.206   -5.206   -5.029   -5.029
   -4.000   -4.000   -3.745   -3.745   -1.490   -1.490    0.934    0.934    1.066    1.066
    2.949    2.949    3.219    3.219    3.704    3.704    3.856    3.856    5.571    5.571
    5.700    5.700    6.296    6.296    6.331    6.331    6.923    6.923    7.122    7.122
    7.223    7.223    7.365    7.365    7.761    7.761    8.030    8.030    8.426    8.426
    8.536    8.536    8.706    8.706    9.021    9.021    9.325    9.325    9.803    9.803
            0.500000  0.754278  0.000000
  -64.916  -64.916  -49.103  -49.103  -49.102  -49.102  -49.089  -49.089  -49.089  -49.089
  -49.079  -49.079  -33.609  -33.609  -33.514  -33.514  -33.495  -33.495  -14.645  -14.645
  -14.226  -14.226   -7.417   -7.417   -5.871   -5.871   -5.207   -5.207   -5.028   -5.028
   -4.014   -4.014   -3.716   -3.716   -1.525   -1.525    0.966    0.966    1.061    1.061
    2.995    2.995    3.205    3.205    3.622    3.622    3.929    3.929    5.558    5.558
    5.789    5.789    6.375    6.375    6.467    6.467    6.878    6.878    7.131    7.131
    7.268    7.268    7.407    7.407    7.661    7.661    7.839    7.839    8.353    8.353
    8.534    8.534    8.681    8.681    8.967    8.967    9.386    9.386    9.745    9.745
            0.500000  0.782215  0.000000
  -64.916  -64.916  -49.103  -49.103  -49.102  -49.102  -49.089  -49.089  -49.089  -49.089
  -49.079  -49.079  -33.611  -33.611  -33.513  -33.513  -33.495  -33.495  -14.642  -14.642
  -14.214  -14.214   -7.452   -7.452   -5.856   -5.856   -5.208   -5.208   -5.029   -5.029
   -4.024   -4.024   -3.693   -3.693   -1.553   -1.553    0.990    0.990    1.056    1.056
    3.033    3.033    3.202    3.202    3.534    3.534    4.013    4.013    5.497    5.497
    5.911    5.911    6.463    6.463    6.617    6.617    6.779    6.779    7.157    7.157
    7.284    7.284    7.456    7.456    7.620    7.620    7.668    7.668    8.225    8.225
    8.457    8.457    8.727    8.727    8.985    8.985    9.392    9.392    9.729    9.729
            0.500000  0.810151  0.000000
  -64.916  -64.916  -49.103  -49.103  -49.102  -49.102  -49.089  -49.089  -49.089  -49.089
  -49.079  -49.079  -33.612  -33.612  -33.513  -33.513  -33.495  -33.495  -14.641  -14.641
  -14.205  -14.205   -7.477   -7.477   -5.844   -5.844   -5.210   -5.210   -5.031   -5.031
   -4.030   -4.030   -3.674   -3.674   -1.573   -1.573    1.007    1.007    1.052    1.052
    3.065    3.065    3.209    3.209    3.457    3.457    4.085    4.085    5.432    5.432
    6.040    6.040    6.517    6.517    6.702    6.702    6.780    6.780    7.151    7.151
    7.241    7.241    7.454    7.454    7.528    7.528    7.721    7.721    8.090    8.090
    8.331    8.331    8.802    8.802    9.036    9.036    9.341    9.341    9.750    9.750
            0.500000  0.838087  0.000000
  -64.916  -64.916  -49.103  -49.103  -49.102  -49.102  -49.089  -49.089  -49.089  -49.089
  -49.079  -49.079  -33.613  -33.613  -33.513  -33.513  -33.495  -33.495  -14.640  -14.640
  -14.200  -14.200   -7.492   -7.492   -5.836   -5.836   -5.211   -5.211   -5.033   -5.033
   -4.033   -4.033   -3.663   -3.663   -1.586   -1.586    1.017    1.017    1.050    1.050
    3.088    3.088    3.222    3.222    3.398    3.398    4.135    4.135    5.384    5.384
    6.165    6.165    6.456    6.456    6.739    6.739    6.940    6.940    7.135    7.135
    7.160    7.160    7.282    7.282    7.631    7.631    7.807    7.807    7.979    7.979
    8.201    8.201    8.868    8.868    9.090    9.090    9.274    9.274    9.768    9.768
            0.500000  0.866023  0.000000
  -64.916  -64.916  -49.103  -49.103  -49.102  -49.102  -49.089  -49.089  -49.089  -49.089
  -49.079  -49.079  -33.613  -33.613  -33.513  -33.513  -33.495  -33.495  -14.639  -14.639
  -14.198  -14.198   -7.497   -7.497   -5.834   -5.834   -5.211   -5.211   -5.034   -5.034
   -4.035   -4.035   -3.659   -3.659   -1.590   -1.590    1.020    1.020    1.049    1.049
    3.097    3.097    3.230    3.230    3.373    3.373    4.153    4.153    5.366    5.366
    6.245    6.245    6.386    6.386    6.777    6.777    7.087    7.087    7.110    7.110
    7.125    7.125    7.141    7.141    7.721    7.721    7.788    7.788    7.971    7.971
    8.125    8.125    8.896    8.896    9.118    9.118    9.238    9.238    9.770    9.770
            0.483871  0.866023  0.000000
  -64.916  -64.916  -49.103  -49.103  -49.102  -49.102  -49.089  -49.089  -49.089  -49.089
  -49.079  -49.079  -33.613  -33.613  -33.513  -33.513  -33.495  -33.495  -14.639  -14.639
  -14.198  -14.198   -7.496   -7.496   -5.834   -5.834   -5.211   -5.211   -5.034   -5.034
   -4.034   -4.034   -3.663   -3.663   -1.586   -1.586    1.018    1.018    1.049    1.049
    3.096    3.096    3.222    3.222    3.384    3.384    4.152    4.152    5.371    5.371
    6.232    6.232    6.398    6.398    6.772    6.772    7.049    7.049    7.108    7.108
    7.144    7.144    7.170    7.170    7.704    7.704    7.800    7.800    7.968    7.968
    8.137    8.137    8.892    8.892    9.114    9.114    9.243    9.243    9.770    9.770
            0.467742  0.866023  0.000000
  -64.916  -64.916  -49.103  -49.103  -49.102  -49.102  -49.089  -49.089  -49.089  -49.089
  -49.079  -49.079  -33.613  -33.613  -33.513  -33.513  -33.495  -33.495  -14.638  -14.638
  -14.199  -14.199   -7.493   -7.493   -5.837   -5.837   -5.211   -5.211   -5.032   -5.032
   -4.034   -4.034   -3.674   -3.674   -1.576   -1.576    1.014    1.014    1.050    1.050
    3.091    3.091    3.206    3.206    3.412    3.412    4.148    4.148    5.383    5.383
    6.203    6.203    6.424    6.424    6.758    6.758    6.995    6.996    7.112    7.112
    7.160    7.160    7.228    7.228    7.672    7.672    7.814    7.814    7.969    7.969
    8.167    8.167    8.881    8.881    9.104    9.104    9.257    9.257    9.771    9.771
            0.451613  0.866023  0.000000
  -64.916  -64.916  -49.103  -49.103  -49.102  -49.102  -49.089  -49.089  -49.089  -49.089
  -49.079  -49.079  -33.613  -33.613  -33.513  -33.513  -33.496  -33.496  -14.637  -14.637
  -14.200  -14.200   -7.486   -7.486   -5.841   -5.841   -5.211   -5.211   -5.030   -5.030
   -4.034   -4.034   -3.693   -3.693   -1.559   -1.559    1.006    1.006    1.051    1.051
    3.079    3.079    3.192    3.192    3.448    3.448    4.142    4.142    5.404    5.404
    6.166    6.166    6.454    6.454    6.739    6.739    6.943    6.943    7.115    7.115
    7.186    7.186    7.289    7.289    7.639    7.640    7.811    7.811    7.987    7.987
    8.207    8.207    8.864    8.864    9.091    9.091    9.276    9.276    9.769    9.769
            0.435484  0.866023  0.000000
  -64.916  -64.916  -49.103  -49.103  -49.102  -49.102  -49.089  -49.089  -49.089  -49.089
  -49.079  -49.079  -33.612  -33.612  -33.513  -33.513  -33.496  -33.496  -14.636  -14.636
  -14.202  -14.202   -7.478   -7.478   -5.847   -5.847   -5.210   -5.210   -5.027   -5.027
   -4.034   -4.034   -3.718   -3.718   -1.536   -1.536    0.997    0.997    1.051    1.051
    3.059    3.059    3.185    3.185    3.491    3.491    4.134    4.134    5.433    5.433
    6.126    6.126    6.481    6.481    6.723    6.723    6.892    6.892    7.115    7.115
    7.219    7.219    7.351    7.351    7.610    7.610    7.794    7.794    8.021    8.021
    8.253    8.253    8.844    8.844    9.074    9.074    9.296    9.296    9.763    9.763
            0.419355  0.866023  0.000000
  -64.916  -64.916  -49.103  -49.103  -49.102  -49.102  -49.089  -49.089  -49.089  -49.089
  -49.079  -49.079  -33.612  -33.612  -33.513  -33.513  -33.497  -33.497  -14.634  -14.634
  -14.204  -14.204   -7.467   -7.467   -5.854   -5.854   -5.210   -5.210   -5.024   -5.024
   -4.035   -4.035   -3.750   -3.750   -1.508   -1.508    0.985    0.985    1.052    1.052
    3.030    3.030    3.188    3.188    3.537    3.537    4.125    4.125    5.467    5.467
    6.086    6.086    6.499    6.499    6.716    6.716    6.843    6.843    7.113    7.113
    7.253    7.253    7.414    7.414    7.586    7.586    7.771    7.771    8.062    8.062
    8.301    8.301    8.823    8.823    9.057    9.057    9.313    9.313    9.752    9.752
            0.403226  0.866023  0.000000
  -64.916  -64.916  -49.103  -49.103  -49.102  -49.102  -49.089  -49.089  -49.089  -49.089
  -49.079  -49.079  -33.611  -33.611  -33.513  -33.513  -33.497  -33.497  -14.632  -14.632
  -14.207  -14.207   -7.454   -7.454   -5.862   -5.862   -5.210   -5.210   -5.019   -5.019
   -4.035   -4.035   -3.786   -3.786   -1.474   -1.474    0.970    0.970    1.051    1.051
    2.996    2.996    3.197    3.197    3.585    3.585    4.116    4.116    5.506    5.506
    6.046    6.046    6.502    6.502    6.723    6.723    6.796    6.796    7.108    7.108
    7.288    7.288    7.475    7.475    7.571    7.571    7.750    7.750    8.106    8.106
    8.350    8.350    8.804    8.804    9.039    9.039    9.325    9.325    9.738    9.738
            0.387097  0.866023  0.000000
  -64.916  -64.916  -49.103  -49.103  -49.102  -49.102  -49.089  -49.089  -49.089  -49.089
  -49.079  -49.079  -33.611  -33.611  -33.513  -33.513  -33.498  -33.498  -14.629  -14.629
  -14.210  -14.210   -7.438   -7.438   -5.872   -5.872   -5.211   -5.211   -5.014   -5.014
   -4.037   -4.037   -3.825   -3.825   -1.436   -1.436    0.954    0.954    1.051    1.051
    2.958    2.958    3.212    3.212    3.635    3.635    4.109    4.109    5.549    5.549
    6.007    6.007    6.491    6.491    6.736    6.736    6.759    6.759    7.100    7.100
    7.319    7.319    7.517    7.517    7.582    7.582    7.732    7.732    8.150    8.150
    8.400    8.400    8.789    8.789    9.021    9.021    9.330    9.330    9.724    9.724
            0.370968  0.866023  0.000000
  -64.916  -64.916  -49.103  -49.103  -49.102  -49.102  -49.089  -49.089  -49.089  -49.089
  -49.079  -49.079  -33.610  -33.610  -33.513  -33.513  -33.499  -33.499  -14.626  -14.626
  -14.214  -14.214   -7.420   -7.420   -5.882   -5.882   -5.212   -5.212   -5.008   -5.008
   -4.041   -4.041   -3.867   -3.867   -1.394   -1.394    0.936    0.936    1.050    1.050
    2.919    2.919    3.231    3.231    3.686    3.686    4.103    4.103    5.592    5.592
    5.970    5.970    6.474    6.474    6.703    6.703    6.778    6.778    7.090    7.090
    7.344    7.344    7.523    7.523    7.634    7.634    7.722    7.722    8.192    8.192
    8.448    8.448    8.778    8.778    9.003    9.003    9.327    9.327    9.713    9.713
            0.354839  0.866023  0.000000
  -64.916  -64.916  -49.103  -49.103  -49.102  -49.102  -49.089  -49.089  -49.089  -49.089
  -49.079  -49.079  -33.609  -33.609  -33.513  -33.513  -33.500  -33.500  -14.623  -14.623
  -14.218  -14.218   -7.400   -7.400   -5.893   -5.893   -5.214   -5.214   -5.002   -5.002
   -4.049   -4.049   -3.907   -3.907   -1.350   -1.350    0.915    0.915    1.048    1.048
    2.878    2.878    3.253    3.253    3.737    3.737    4.102    4.102    5.633    5.633
    5.937    5.937    6.454    6.454    6.663    6.663    6.808    6.808    7.079    7.079
    7.363    7.363    7.520    7.520    7.695    7.695    7.727    7.727    8.233    8.233
    8.493    8.493    8.775    8.775    8.988    8.988    9.315    9.315    9.704    9.704
            0.338710  0.866023  0.000000
  -64.916  -64.916  -49.103  -49.103  -49.102  -49.102  -49.089  -49.089  -49.089  -49.089
  -49.079  -49.079  -33.608  -33.608  -33.513  -33.513  -33.501  -33.501  -14.619  -14.619
  -14.223  -14.223   -7.378   -7.378   -5.905   -5.905   -5.217   -5.217   -4.995   -4.995
   -4.066   -4.066   -3.941   -3.941   -1.302   -1.302    0.893    0.893    1.046    1.046
    2.835    2.835    3.279    3.279    3.784    3.784    4.108    4.108    5.667    5.667
    5.912    5.912    6.435    6.435    6.624    6.624    6.836    6.836    7.072    7.072
    7.375    7.375    7.517    7.517    7.719    7.719    7.780    7.780    8.270    8.270
    8.534    8.534    8.777    8.777    8.977    8.977    9.299    9.299    9.698    9.698
            0.322581  0.866023  0.000000
  -64.916  -64.916  -49.103  -49.103  -49.102  -49.102  -49.089  -49.089  -49.089  -49.089
  -49.079  -49.079  -33.607  -33.607  -33.513  -33.513  -33.502  -33.502  -14.615  -14.615
  -14.227  -14.227   -7.353   -7.353   -5.918   -5.918   -5.221   -5.221   -4.988   -4.988
   -4.096   -4.096   -3.964   -3.964   -1.252   -1.252    0.868    0.868    1.045    1.045
    2.793    2.793    3.308    3.308    3.827    3.827    4.123    4.123    5.686    5.686
    5.899    5.899    6.421    6.421    6.588    6.588    6.854    6.854    7.074    7.074
    7.379    7.379    7.514    7.514    7.733    7.733    7.853    7.853    8.305    8.305
    8.568    8.568    8.785    8.785    8.972    8.972    9.280    9.280    9.693    9.693
            0.306452  0.866023  0.000000
  -64.916  -64.916  -49.103  -49.103  -49.102  -49.102  -49.089  -49.089  -49.089  -49.089
  -49.079  -49.079  -33.606  -33.606  -33.513  -33.513  -33.503  -33.503  -14.611  -14.611
  -14.233  -14.233   -7.327   -7.327   -5.931   -5.931   -5.226   -5.226   -4.980   -4.980
   -4.137   -4.137   -3.975   -3.975   -1.201   -1.201    0.841    0.841    1.043    1.043
    2.750    2.750    3.338    3.338    3.862    3.862    4.150    4.150    5.686    5.686
    5.901    5.901    6.412    6.412    6.555    6.555    6.857    6.857    7.089    7.089
    7.377    7.377    7.512    7.512    7.749    7.749    7.928    7.928    8.339    8.339
    8.595    8.595    8.794    8.794    8.977    8.977    9.263    9.263    9.690    9.690
            0.290323  0.866023  0.000000
  -64.916  -64.916  -49.103  -49.103  -49.102  -49.102  -49.089  -49.089  -49.089  -49.089
  -49.079  -49.079  -33.604  -33.604  -33.513  -33.513  -33.504  -33.504  -14.606  -14.606
  -14.238  -14.238   -7.299   -7.299   -5.944   -5.944   -5.233   -5.233   -4.972   -4.972
   -4.185   -4.185   -3.980   -3.980   -1.148   -1.148    0.812    0.812    1.040    1.040
    2.708    2.708    3.370    3.370    3.890    3.890    4.191    4.191    5.669    5.669
    5.913    5.913    6.411    6.411    6.526    6.526    6.847    6.847    7.115    7.115
    7.371    7.371    7.511    7.511    7.765    7.765    8.006    8.006    8.372    8.372
    8.615    8.615    8.800    8.800    8.994    8.994    9.251    9.251    9.688    9.688
            0.274194  0.866023  0.000000
  -64.916  -64.916  -49.103  -49.103  -49.103  -49.103  -49.089  -49.089  -49.089  -49.089
  -49.079  -49.079  -33.603  -33.603  -33.513  -33.513  -33.505  -33.505  -14.601  -14.601
  -14.244  -14.244   -7.269   -7.269   -5.957   -5.957   -5.242   -5.242   -4.965   -4.965
   -4.237   -4.237   -3.982   -3.982   -1.094   -1.094    0.782    0.782    1.038    1.038
    2.666    2.666    3.401    3.401    3.912    3.912    4.242    4.242    5.642    5.642
    5.926    5.926    6.414    6.414    6.507    6.507    6.828    6.828    7.148    7.148
    7.363    7.363    7.507    7.508    7.781    7.781    8.085    8.085    8.404    8.404
    8.628    8.628    8.804    8.804    9.020    9.020    9.247    9.247    9.689    9.689
            0.258065  0.866023  0.000000
  -64.916  -64.916  -49.103  -49.103  -49.103  -49.103  -49.089  -49.089  -49.089  -49.089
  -49.079  -49.079  -33.602  -33.602  -33.513  -33.513  -33.507  -33.507  -14.596  -14.596
  -14.250  -14.250   -7.237   -7.237   -5.971   -5.971   -5.252   -5.252   -4.957   -4.957
   -4.289   -4.289   -3.981   -3.981   -1.039   -1.039    0.749    0.749    1.036    1.036
    2.625    2.625    3.432    3.432    3.933    3.933    4.303    4.303    5.610    5.610
    5.934    5.934    6.410    6.410    6.506    6.506    6.805    6.805    7.181    7.181
    7.355    7.355    7.502    7.502    7.797    7.797    8.165    8.165    8.435    8.435
    8.637    8.637    8.808    8.808    9.050    9.050    9.253    9.253    9.695    9.695
            0.241935  0.866023  0.000000
  -64.916  -64.916  -49.103  -49.103  -49.103  -49.103  -49.089  -49.089  -49.089  -49.089
  -49.079  -49.079  -33.600  -33.600  -33.513  -33.513  -33.508  -33.508  -14.590  -14.590
  -14.257  -14.257   -7.204   -7.204   -5.985   -5.985   -5.264   -5.264   -4.949   -4.949
   -4.340   -4.340   -3.979   -3.979   -0.984   -0.984    0.715    0.715    1.034    1.034
    2.585    2.585    3.460    3.460    3.956    3.956    4.369    4.369    5.575    5.575
    5.936    5.936    6.396    6.396    6.525    6.525    6.782    6.782    7.212    7.212
    7.349    7.349    7.493    7.493    7.813    7.813    8.244    8.244    8.461    8.461
    8.648    8.648    8.814    8.814    9.077    9.077    9.270    9.270    9.707    9.707
            0.225806  0.866023  0.000000
  -64.916  -64.916  -49.103  -49.103  -49.103  -49.103  -49.089  -49.089  -49.089  -49.089
  -49.079  -49.079  -33.599  -33.599  -33.514  -33.514  -33.509  -33.509  -14.584  -14.584
  -14.263  -14.263   -7.170   -7.170   -5.998   -5.998   -5.278   -5.278   -4.942   -4.942
   -4.389   -4.389   -3.977   -3.977   -0.928   -0.928    0.679    0.679    1.031    1.031
    2.547    2.547    3.484    3.484    3.983    3.983    4.438    4.438    5.540    5.540
    5.932    5.932    6.377    6.377    6.553    6.553    6.763    6.763    7.236    7.236
    7.345    7.345    7.482    7.482    7.833    7.833    8.318    8.318    8.481    8.481
    8.666    8.666    8.826    8.826    9.096    9.096    9.301    9.301    9.728    9.728
            0.209677  0.866023  0.000000
  -64.916  -64.916  -49.103  -49.103  -49.103  -49.103  -49.089  -49.089  -49.089  -49.089
  -49.079  -49.079  -33.597  -33.597  -33.514  -33.514  -33.511  -33.511  -14.579  -14.579
  -14.270  -14.270   -7.134   -7.134   -6.012   -6.012   -5.294   -5.294   -4.935   -4.935
   -4.437   -4.437   -3.974   -3.974   -0.873   -0.873    0.642    0.642    1.029    1.029
    2.511    2.511    3.504    3.504    4.016    4.016    4.511    4.511    5.504    5.504
    5.924    5.924    6.356    6.356    6.576    6.576    6.755    6.755    7.252    7.252
    7.344    7.344    7.468    7.468    7.857    7.857    8.377    8.377    8.506    8.506
    8.689    8.689    8.845    8.845    9.108    9.108    9.341    9.341    9.756    9.756
            0.193548  0.866023  0.000000
  -64.916  -64.916  -49.103  -49.103  -49.103  -49.103  -49.089  -49.089  -49.089  -49.089
  -49.079  -49.079  -33.596  -33.596  -33.515  -33.515  -33.511  -33.511  -14.573  -14.573
  -14.277  -14.277   -7.098   -7.098   -6.025   -6.025   -5.313   -5.313   -4.929   -4.929
   -4.480   -4.480   -3.972   -3.972   -0.817   -0.817    0.604    0.604    1.027    1.027
    2.476    2.476    3.519    3.519    4.056    4.056    4.583    4.583    5.467    5.467
    5.913    5.913    6.336    6.336    6.582    6.582    6.764    6.764    7.260    7.260
    7.345    7.345    7.455    7.455    7.887    7.887    8.404    8.404    8.558    8.558
    8.712    8.712    8.876    8.876    9.117    9.117    9.385    9.385    9.792    9.792
            0.177419  0.866023  0.000000
  -64.916  -64.916  -49.103  -49.103  -49.103  -49.103  -49.089  -49.089  -49.089  -49.089
  -49.079  -49.079  -33.594  -33.594  -33.516  -33.516  -33.512  -33.512  -14.567  -14.567
  -14.284  -14.284   -7.061   -7.061   -6.039   -6.039   -5.333   -5.333   -4.923   -4.923
   -4.521   -4.521   -3.968   -3.968   -0.762   -0.762    0.564    0.564    1.025    1.025
    2.443    2.443    3.530    3.530    4.102    4.102    4.656    4.656    5.430    5.430
    5.902    5.902    6.318    6.318    6.571    6.571    6.785    6.785    7.259    7.259
    7.350    7.350    7.443    7.443    7.924    7.924    8.405    8.405    8.631    8.631
    8.730    8.730    8.918    8.918    9.126    9.126    9.427    9.427    9.828    9.828
            0.161290  0.866023  0.000000
  -64.916  -64.916  -49.103  -49.103  -49.103  -49.103  -49.089  -49.089  -49.089  -49.089
  -49.079  -49.079  -33.593  -33.593  -33.517  -33.517  -33.512  -33.512  -14.561  -14.561
  -14.290  -14.290   -7.024   -7.024   -6.052   -6.052   -5.355   -5.355   -4.917   -4.917
   -4.557   -4.557   -3.965   -3.965   -0.708   -0.708    0.524    0.524    1.023    1.023
    2.413    2.413    3.537    3.537    4.154    4.154    4.727    4.727    5.394    5.394
    5.891    5.891    6.302    6.302    6.549    6.549    6.808    6.808    7.249    7.249
    7.364    7.364    7.433    7.433    7.967    7.967    8.399    8.399    8.708    8.708
    8.744    8.744    8.965    8.965    9.143    9.143    9.461    9.461    9.849    9.849
            0.145161  0.866023  0.000000
  -64.916  -64.916  -49.103  -49.103  -49.103  -49.103  -49.089  -49.089  -49.089  -49.089
  -49.079  -49.079  -33.592  -33.592  -33.518  -33.518  -33.512  -33.512  -14.555  -14.555
  -14.297  -14.297   -6.988   -6.988   -6.065   -6.065   -5.378   -5.378   -4.912   -4.912
   -4.590   -4.590   -3.962   -3.962   -0.654   -0.654    0.483    0.483    1.021    1.021
    2.385    2.385    3.541    3.541    4.210    4.210    4.794    4.794    5.357    5.357
    5.881    5.881    6.287    6.287    6.524    6.524    6.823    6.823    7.232    7.232
    7.377    7.377    7.436    7.436    8.013    8.013    8.390    8.390    8.744    8.744
    8.797    8.797    9.009    9.009    9.175    9.175    9.478    9.478    9.835    9.835
            0.129032  0.866023  0.000000
  -64.916  -64.916  -49.103  -49.103  -49.103  -49.103  -49.089  -49.089  -49.089  -49.089
  -49.079  -49.079  -33.590  -33.590  -33.519  -33.519  -33.513  -33.513  -14.550  -14.550
  -14.303  -14.303   -6.952   -6.952   -6.077   -6.077   -5.402   -5.402   -4.908   -4.908
   -4.618   -4.618   -3.959   -3.959   -0.602   -0.602    0.442    0.442    1.019    1.019
    2.360    2.360    3.542    3.542    4.270    4.270    4.857    4.857    5.322    5.322
    5.874    5.874    6.275    6.275    6.497    6.497    6.825    6.825    7.214    7.214
    7.371    7.371    7.469    7.469    8.062    8.062    8.384    8.384    8.749    8.749
    8.870    8.870    9.048    9.048    9.228    9.228    9.470    9.470    9.805    9.805
            0.112903  0.866023  0.000000
  -64.916  -64.916  -49.103  -49.103  -49.103  -49.103  -49.089  -49.089  -49.089  -49.089
  -49.079  -49.079  -33.589  -33.589  -33.521  -33.521  -33.513  -33.513  -14.544  -14.544
  -14.309  -14.309   -6.917   -6.917   -6.090   -6.090   -5.426   -5.426   -4.904   -4.904
   -4.642   -4.642   -3.957   -3.957   -0.551   -0.551    0.401    0.401    1.018    1.018
    2.338    2.338    3.543    3.543    4.333    4.333    4.912    4.912    5.288    5.288
    5.869    5.869    6.265    6.265    6.470    6.470    6.814    6.814    7.199    7.199
    7.355    7.355    7.521    7.521    8.111    8.111    8.380    8.380    8.750    8.750
    8.930    8.930    9.092    9.092    9.297    9.297    9.436    9.436    9.780    9.780
            0.096774  0.866023  0.000000
  -64.916  -64.916  -49.103  -49.103  -49.103  -49.103  -49.089  -49.089  -49.089  -49.089
  -49.079  -49.079  -33.588  -33.588  -33.522  -33.522  -33.513  -33.513  -14.539  -14.539
  -14.315  -14.315   -6.884   -6.884   -6.101   -6.101   -5.449   -5.449   -4.901   -4.901
   -4.662   -4.662   -3.954   -3.954   -0.503   -0.503    0.361    0.361    1.017    1.017
    2.318    2.318    3.542    3.542    4.396    4.396    4.956    4.956    5.259    5.259
    5.868    5.868    6.258    6.258    6.445    6.445    6.792    6.792    7.188    7.188
    7.336    7.336    7.582    7.582    8.156    8.156    8.380    8.380    8.748    8.748
    8.970    8.970    9.146    9.146    9.362    9.362    9.402    9.402    9.757    9.757
            0.080645  0.866023  0.000000
  -64.916  -64.916  -49.103  -49.103  -49.103  -49.103  -49.089  -49.089  -49.089  -49.089
  -49.079  -49.079  -33.587  -33.587  -33.523  -33.523  -33.513  -33.513  -14.535  -14.535
  -14.320  -14.320   -6.855   -6.855   -6.113   -6.113   -5.470   -5.470   -4.898   -4.898
   -4.679   -4.679   -3.952   -3.952   -0.458   -0.458    0.323    0.323    1.016    1.016
    2.301    2.301    3.541    3.541    4.460    4.460    4.983    4.983    5.238    5.238
    5.871    5.871    6.253    6.253    6.421    6.421    6.762    6.762    7.181    7.181
    7.316    7.316    7.647    7.647    8.195    8.195    8.386    8.386    8.741    8.741
    8.996    8.996    9.188    9.188    9.348    9.348    9.471    9.471    9.729    9.729
            0.064516  0.866023  0.000000
  -64.916  -64.916  -49.103  -49.103  -49.103  -49.103  -49.089  -49.089  -49.089  -49.089
  -49.079  -49.079  -33.586  -33.586  -33.524  -33.524  -33.513  -33.513  -14.531  -14.531
  -14.324  -14.324   -6.828   -6.828   -6.123   -6.123   -5.489   -5.489   -4.896   -4.896
   -4.692   -4.692   -3.950   -3.950   -0.417   -0.417    0.288    0.288    1.015    1.015
    2.287    2.287    3.539    3.539    4.523    4.523    4.990    4.990    5.228    5.228
    5.876    5.876    6.251    6.251    6.399    6.399    6.730    6.730    7.178    7.178
    7.296    7.296    7.711    7.711    8.226    8.226    8.398    8.398    8.730    8.730
    9.016    9.016    9.179    9.179    9.377    9.377    9.561    9.561    9.697    9.697
            0.048387  0.866023  0.000000
  -64.916  -64.916  -49.103  -49.103  -49.103  -49.103  -49.089  -49.089  -49.089  -49.089
  -49.079  -49.079  -33.585  -33.585  -33.525  -33.525  -33.513  -33.513  -14.527  -14.527
  -14.328  -14.328   -6.806   -6.806   -6.131   -6.131   -5.505   -5.505   -4.894   -4.894
   -4.702   -4.702   -3.949   -3.949   -0.382   -0.382    0.257    0.257    1.014    1.014
    2.277    2.277    3.538    3.538    4.582    4.582    4.976    4.976    5.229    5.229
    5.884    5.884    6.252    6.252    6.379    6.379    6.698    6.698    7.179    7.179
    7.279    7.279    7.769    7.769    8.248    8.248    8.416    8.416    8.712    8.712
    9.033    9.033    9.144    9.144    9.434    9.434    9.652    9.652    9.674    9.674
            0.032258  0.866023  0.000000
  -64.916  -64.916  -49.103  -49.103  -49.103  -49.103  -49.089  -49.089  -49.089  -49.089
  -49.079  -49.079  -33.584  -33.584  -33.525  -33.525  -33.513  -33.513  -14.525  -14.525
  -14.331  -14.331   -6.790   -6.790   -6.138   -6.138   -5.517   -5.517   -4.893   -4.893
   -4.709   -4.709   -3.947   -3.947   -0.355   -0.355    0.233    0.233    1.013    1.013
    2.269    2.269    3.537    3.537    4.635    4.635    4.952    4.952    5.236    5.236
    5.891    5.891    6.254    6.254    6.363    6.363    6.672    6.672    7.181    7.181
    7.264    7.264    7.815    7.815    8.261    8.261    8.436    8.436    8.691    8.691
    9.044    9.044    9.117    9.117    9.474    9.475    9.672    9.672    9.752    9.752
            0.016129  0.866023  0.000000
  -64.916  -64.916  -49.103  -49.103  -49.103  -49.103  -49.089  -49.089  -49.089  -49.089
  -49.079  -49.079  -33.584  -33.584  -33.525  -33.525  -33.513  -33.513  -14.524  -14.524
  -14.332  -14.332   -6.780   -6.780   -6.142   -6.142   -5.524   -5.524   -4.893   -4.893
   -4.713   -4.713   -3.947   -3.947   -0.337   -0.337    0.217    0.217    1.013    1.013
    2.264    2.264    3.536    3.536    4.675    4.675    4.927    4.927    5.242    5.242
    5.897    5.897    6.257    6.257    6.352    6.352    6.654    6.654    7.184    7.184
    7.254    7.254    7.846    7.846    8.269    8.269    8.454    8.454    8.671    8.671
    9.046    9.046    9.108    9.108    9.483    9.483    9.712    9.712    9.841    9.841
            0.000000  0.866023  0.000000
  -64.916  -64.916  -49.103  -49.103  -49.103  -49.103  -49.089  -49.089  -49.089  -49.089
  -49.079  -49.079  -33.584  -33.584  -33.526  -33.526  -33.513  -33.513  -14.523  -14.523
  -14.333  -14.333   -6.776   -6.776   -6.143   -6.143   -5.526   -5.526   -4.892   -4.892
   -4.714   -4.714   -3.947   -3.947   -0.331   -0.331    0.211    0.211    1.013    1.013
    2.263    2.263    3.536    3.536    4.691    4.691    4.916    4.916    5.244    5.244
    5.899    5.899    6.258    6.258    6.348    6.348    6.648    6.648    7.185    7.185
    7.250    7.250    7.857    7.857    8.271    8.271    8.461    8.461    8.662    8.662
    9.044    9.044    9.107    9.107    9.482    9.482    9.742    9.742    9.896    9.896
            0.000000  0.838087  0.000000
  -64.916  -64.916  -49.103  -49.103  -49.103  -49.103  -49.089  -49.089  -49.089  -49.089
  -49.079  -49.079  -33.584  -33.583  -33.529  -33.522  -33.513  -33.512  -14.546  -14.504
  -14.350  -14.315   -6.790   -6.754   -6.152   -6.136   -5.575   -5.484   -4.936   -4.850
   -4.740   -4.678   -4.012   -3.880   -0.360   -0.304    0.179    0.242    0.995    1.033
    2.229    2.296    3.500    3.545    4.678    4.707    4.854    4.987    5.188    5.301
    5.812    5.998    6.113    6.206    6.413    6.501    6.599    6.702    7.041    7.111
    7.337    7.382    7.845    7.868    8.189    8.208    8.485    8.546    8.650    8.660
    8.952    9.099    9.115    9.145    9.388    9.590    9.598    9.750    9.782    9.886
            0.000000  0.810151  0.000000
  -64.917  -64.916  -49.103  -49.103  -49.103  -49.103  -49.089  -49.089  -49.089  -49.089
  -49.079  -49.079  -33.585  -33.581  -33.533  -33.519  -33.513  -33.512  -14.575  -14.488
  -14.365  -14.297   -6.794   -6.723   -6.161   -6.128   -5.629   -5.448   -4.978   -4.811
   -4.755   -4.635   -4.076   -3.814   -0.390   -0.281    0.146    0.274    0.976    1.054
    2.192    2.329    3.441    3.528    4.670    4.712    4.812    5.068    5.127    5.363
    5.727    5.990    6.080    6.109    6.554    6.566    6.660    6.766    6.909    6.973
    7.483    7.496    7.852    7.864    8.067    8.085    8.481    8.614    8.662    8.678
    8.881    9.084    9.135    9.220    9.318    9.474    9.609    9.670    9.698    9.777
            0.000000  0.782215  0.000000
  -64.917  -64.916  -49.103  -49.103  -49.103  -49.103  -49.089  -49.089  -49.089  -49.089
  -49.079  -49.079  -33.584  -33.579  -33.537  -33.518  -33.511  -33.511  -14.608  -14.476
  -14.379  -14.281   -6.789   -6.686   -6.172   -6.119   -5.688   -5.421   -5.016   -4.784
   -4.751   -4.584   -4.138   -3.747   -0.422   -0.261    0.112    0.306    0.956    1.078
    2.154    2.366    3.362    3.488    4.668    4.684    4.805    5.061    5.155    5.437
    5.627    5.895    5.981    6.229    6.510    6.685    6.793    6.824    6.845    6.865
    7.527    7.650    7.831    7.905    7.958    7.964    8.425    8.573    8.685    8.685
    8.919    9.039    9.167    9.203    9.262    9.425    9.486    9.576    9.697    9.791
            0.000000  0.754278  0.000000
  -64.917  -64.916  -49.103  -49.103  -49.103  -49.103  -49.089  -49.089  -49.089  -49.089
  -49.079  -49.079  -33.583  -33.576  -33.541  -33.518  -33.511  -33.509  -14.647  -14.465
  -14.390  -14.266   -6.774   -6.642   -6.185   -6.110   -5.749   -5.405   -5.045   -4.773
   -4.726   -4.528   -4.199   -3.680   -0.452   -0.243    0.076    0.338    0.933    1.101
    2.115    2.407    3.267    3.429    4.628    4.670    4.815    4.994    5.249    5.507
    5.521    5.810    5.921    6.352    6.463    6.685    6.742    6.748    6.993    7.014
    7.515    7.736    7.797    7.863    7.885    8.007    8.363    8.524    8.604    8.692
    8.964    9.031    9.096    9.177    9.219    9.366    9.425    9.525    9.688    9.844
            0.000000  0.726342  0.000000
  -64.917  -64.916  -49.103  -49.103  -49.103  -49.103  -49.089  -49.089  -49.089  -49.089
  -49.079  -49.079  -33.582  -33.573  -33.545  -33.519  -33.510  -33.506  -14.689  -14.456
  -14.399  -14.254   -6.750   -6.595   -6.201   -6.099   -5.812   -5.400   -5.062   -4.760
   -4.698   -4.467   -4.257   -3.615   -0.481   -0.228    0.039    0.371    0.906    1.121
    2.077    2.455    3.160    3.357    4.556    4.674    4.810    4.944    5.347    5.378
    5.614    5.729    5.887    6.408    6.465    6.573    6.704    6.762    7.160    7.188
    7.485    7.604    7.781    7.828    7.946    8.075    8.347    8.483    8.506    8.695
    8.869    8.969    9.073    9.105    9.253    9.317    9.357    9.520    9.719    9.841
            0.000000  0.698406  0.000000
  -64.917  -64.916  -49.103  -49.103  -49.103  -49.103  -49.089  -49.089  -49.089  -49.089
  -49.079  -49.079  -33.580  -33.569  -33.549  -33.520  -33.510  -33.502  -14.736  -14.449
  -14.406  -14.244   -6.717   -6.546   -6.220   -6.087   -5.873   -5.406   -5.065   -4.743
   -4.672   -4.403   -4.313   -3.552   -0.508   -0.214    0.001    0.404    0.876    1.136
    2.044    2.509    3.046    3.277    4.473    4.680    4.760    4.935    5.246    5.447
    5.650    5.712    5.861    6.351    6.467    6.534    6.700    6.785    7.298    7.373
    7.470    7.482    7.721    7.767    8.052    8.079    8.405    8.422    8.457    8.696
    8.770    8.840    8.979    9.128    9.148    9.271    9.454    9.486    9.737    9.792
            0.000000  0.670470  0.000000
  -64.917  -64.916  -49.103  -49.103  -49.103  -49.103  -49.089  -49.089  -49.089  -49.089
  -49.079  -49.079  -33.577  -33.565  -33.553  -33.521  -33.510  -33.499  -14.785  -14.443
  -14.412  -14.237   -6.677   -6.498   -6.244   -6.074   -5.928   -5.419   -5.055   -4.721
   -4.649   -4.365   -4.335   -3.490   -0.531   -0.201   -0.037    0.434    0.844    1.142
    2.019    2.569    2.927    3.193    4.380    4.677    4.686    4.953    5.116    5.545
    5.569    5.813    5.831    6.300    6.371    6.511    6.718    6.862    7.347    7.350
    7.535    7.591    7.670    7.696    8.006    8.188    8.303    8.451    8.509    8.664
    8.693    8.720    8.926    9.079    9.125    9.186    9.420    9.596    9.719    9.720
            0.000000  0.642533  0.000000
  -64.918  -64.916  -49.103  -49.103  -49.103  -49.103  -49.089  -49.089  -49.089  -49.089
  -49.079  -49.079  -33.574  -33.561  -33.557  -33.522  -33.510  -33.496  -14.837  -14.438
  -14.417  -14.233   -6.631   -6.451   -6.275   -6.062   -5.972   -5.432   -5.036   -4.701
   -4.626   -4.413   -4.264   -3.433   -0.551   -0.190   -0.075    0.460    0.815    1.135
    2.005    2.631    2.807    3.111    4.280    4.581    4.691    4.966    5.002    5.482
    5.634    5.790    5.915    6.261    6.285    6.424    6.731    6.970    7.263    7.341
    7.582    7.620    7.694    7.777    7.972    8.205    8.292    8.468    8.471    8.587
    8.612    8.716    8.889    9.064    9.103    9.151    9.343    9.631    9.669    9.733
            0.000000  0.614597  0.000000
  -64.918  -64.916  -49.103  -49.103  -49.103  -49.103  -49.089  -49.089  -49.089  -49.089
  -49.079  -49.079  -33.571  -33.560  -33.556  -33.524  -33.510  -33.493  -14.890  -14.435
  -14.421  -14.230   -6.586   -6.408   -6.309   -6.054   -6.002   -5.437   -5.009   -4.685
   -4.603   -4.455   -4.189   -3.379   -0.567   -0.181   -0.112    0.478    0.792    1.114
    2.005    2.687    2.688    3.041    4.176    4.479    4.696    4.859    5.013    5.389
    5.704    5.739    6.017    6.195    6.243    6.312    6.711    7.071    7.233    7.334
    7.523    7.541    7.780    7.909    8.043    8.111    8.339    8.400    8.474    8.509
    8.558    8.719    8.879    9.039    9.068    9.222    9.273    9.543    9.613    9.712
            0.000000  0.586661  0.000000
  -64.918  -64.916  -49.103  -49.103  -49.103  -49.103  -49.089  -49.089  -49.089  -49.089
  -49.079  -49.079  -33.568  -33.564  -33.551  -33.525  -33.510  -33.490  -14.945  -14.433
  -14.424  -14.229   -6.556   -6.371   -6.334   -6.053   -6.016   -5.429   -4.975   -4.678
   -4.585   -4.481   -4.112   -3.330   -0.579   -0.176   -0.148    0.486    0.780    1.080
    2.018    2.570    2.724    3.000    4.069    4.373    4.698    4.740    5.036    5.291
    5.681    5.742    6.106    6.122    6.195    6.230    6.649    7.127    7.267    7.348
    7.463    7.467    7.798    7.974    8.023    8.209    8.303    8.349    8.367    8.567
    8.575    8.723    8.825    9.022    9.072    9.232    9.272    9.451    9.573    9.718
            0.000000  0.558725  0.000000
  -64.918  -64.916  -49.103  -49.103  -49.103  -49.103  -49.089  -49.089  -49.089  -49.089
  -49.079  -49.079  -33.569  -33.563  -33.546  -33.526  -33.510  -33.488  -15.000  -14.434
  -14.426  -14.229   -6.564   -6.341   -6.328   -6.058   -6.013   -5.410   -4.932   -4.680
   -4.589   -4.475   -4.032   -3.286   -0.588   -0.183   -0.177    0.485    0.782    1.033
    2.044    2.458    2.716    3.009    3.961    4.266    4.624    4.698    5.046    5.192
    5.628    5.733    6.007    6.092    6.219    6.230    6.563    7.119    7.333    7.342
    7.394    7.487    7.798    7.943    7.960    8.194    8.250    8.350    8.429    8.582
    8.665    8.698    8.852    8.969    9.068    9.231    9.269    9.357    9.583    9.692
            0.000000  0.530789  0.000000
  -64.918  -64.916  -49.103  -49.103  -49.103  -49.103  -49.089  -49.089  -49.089  -49.089
  -49.079  -49.079  -33.573  -33.559  -33.540  -33.528  -33.510  -33.485  -15.056  -14.436
  -14.428  -14.230   -6.609   -6.321   -6.291   -6.065   -5.992   -5.381   -4.878   -4.689
   -4.611   -4.443   -3.948   -3.249   -0.594   -0.217   -0.188    0.481    0.795    0.977
    2.079    2.353    2.676    3.057    3.853    4.160    4.512    4.693    5.028    5.097
    5.590    5.665    5.895    6.019    6.203    6.338    6.472    7.077    7.275    7.321
    7.454    7.565    7.795    7.870    7.889    8.106    8.145    8.348    8.544    8.614
    8.726    8.774    8.905    8.915    9.051    9.228    9.259    9.288    9.557    9.692
            0.000000  0.502852  0.000000
  -64.919  -64.916  -49.103  -49.103  -49.103  -49.103  -49.089  -49.089  -49.089  -49.089
  -49.079  -49.079  -33.576  -33.555  -33.534  -33.529  -33.510  -33.483  -15.111  -14.441
  -14.429  -14.231   -6.672   -6.314   -6.247   -6.069   -5.950   -5.351   -4.810   -4.705
   -4.634   -4.401   -3.861   -3.219   -0.597   -0.250   -0.213    0.481    0.815    0.913
    2.120    2.258    2.626    3.122    3.745    4.055    4.405    4.682    4.965    5.022
    5.551    5.573    5.772    5.970    6.182    6.384    6.441    7.020    7.216    7.264
    7.567    7.610    7.792    7.811    7.825    8.018    8.043    8.314    8.490    8.697
    8.834    8.869    8.918    8.945    9.014    9.165    9.233    9.404    9.470    9.775
            0.000000  0.474916  0.000000
  -64.919  -64.916  -49.103  -49.103  -49.103  -49.103  -49.089  -49.089  -49.089  -49.089
  -49.079  -49.079  -33.580  -33.550  -33.531  -33.528  -33.510  -33.480  -15.166  -14.448
  -14.430  -14.231   -6.742   -6.325   -6.208   -6.062   -5.886   -5.324   -4.728   -4.724
   -4.653   -4.356   -3.772   -3.197   -0.599   -0.282   -0.251    0.490    0.837    0.845
    2.154    2.186    2.579    3.188    3.636    3.954    4.302    4.665    4.872    4.953
    5.413    5.560    5.650    5.932    6.159    6.302    6.532    6.956    7.169    7.215
    7.558    7.654    7.765    7.796    7.841    7.937    7.956    8.258    8.427    8.732
    8.779    8.887    8.983    9.008    9.088    9.134    9.275    9.388    9.607    9.846
            0.000000  0.446980  0.000000
  -64.919  -64.916  -49.103  -49.103  -49.103  -49.103  -49.089  -49.089  -49.089  -49.089
  -49.079  -49.079  -33.583  -33.545  -33.532  -33.522  -33.510  -33.478  -15.219  -14.457
  -14.431  -14.231   -6.815   -6.351   -6.175   -6.041   -5.805   -5.304   -4.754   -4.666
   -4.621   -4.312   -3.680   -3.183   -0.600   -0.314   -0.303    0.510    0.773    0.860
    2.097    2.222    2.542    3.251    3.528    3.856    4.203    4.639    4.774    4.873
    5.265    5.469    5.604    5.900    6.140    6.224    6.597    6.897    7.137    7.174
    7.456    7.643    7.711    7.819    7.850    7.891    7.969    8.186    8.387    8.697
    8.706    8.831    8.927    9.091    9.163    9.248    9.299    9.503    9.786    9.929
            0.000000  0.419044  0.000000
  -64.919  -64.916  -49.103  -49.103  -49.103  -49.103  -49.089  -49.089  -49.089  -49.089
  -49.079  -49.079  -33.587  -33.541  -33.533  -33.516  -33.510  -33.476  -15.271  -14.469
  -14.432  -14.230   -6.887   -6.387   -6.146   -6.011   -5.712   -5.292   -4.780   -4.674
   -4.502   -4.268   -3.586   -3.177   -0.600   -0.368   -0.347    0.538    0.700    0.881
    2.041    2.272    2.516    3.306    3.420    3.762    4.109    4.605    4.676    4.786
    5.114    5.326    5.597    5.875    6.131    6.155    6.616    6.857    7.122    7.140
    7.346    7.598    7.649    7.749    7.764    8.000    8.027    8.147    8.354    8.610
    8.646    8.758    8.868    9.105    9.183    9.388    9.439    9.668    9.910    9.951
            0.000000  0.391107  0.000000
  -64.919  -64.916  -49.103  -49.103  -49.103  -49.103  -49.089  -49.089  -49.089  -49.089
  -49.079  -49.079  -33.590  -33.536  -33.534  -33.510  -33.510  -33.474  -15.321  -14.482
  -14.432  -14.229   -6.958   -6.429   -6.120   -5.973   -5.616   -5.288   -4.807   -4.674
   -4.370   -4.227   -3.490   -3.179   -0.601   -0.443   -0.382    0.575    0.626    0.900
    2.000    2.324    2.502    3.312    3.351    3.671    4.020    4.561    4.578    4.698
    4.963    5.175    5.580    5.859    6.079    6.151    6.581    6.841    7.107    7.112
    7.254    7.549    7.585    7.678    7.684    7.951    8.167    8.180    8.331    8.497
    8.597    8.685    8.835    9.034    9.271    9.511    9.596    9.794    9.963   10.026
            0.000000  0.363171  0.000000
  -64.920  -64.916  -49.103  -49.103  -49.103  -49.103  -49.089  -49.089  -49.089  -49.089
  -49.079  -49.079  -33.593  -33.536  -33.531  -33.511  -33.504  -33.472  -15.369  -14.497
  -14.432  -14.227   -7.026   -6.474   -6.094   -5.930   -5.521   -5.289   -4.832   -4.664
   -4.227   -4.189   -3.394   -3.190   -0.604   -0.525   -0.418    0.551    0.616    0.917
    1.977    2.373    2.502    3.204    3.384    3.585    3.935    4.480    4.509    4.612
    4.814    5.024    5.549    5.855    6.014    6.182    6.513    6.831    7.042    7.087
    7.223    7.500    7.523    7.608    7.613    7.882    8.189    8.267    8.340    8.415
    8.561    8.613    8.827    8.977    9.340    9.596    9.730    9.872    9.995   10.131
            0.000000  0.335235  0.000000
  -64.920  -64.916  -49.103  -49.103  -49.103  -49.103  -49.089  -49.089  -49.089  -49.089
  -49.079  -49.079  -33.596  -33.537  -33.527  -33.511  -33.499  -33.470  -15.415  -14.513
  -14.432  -14.224   -7.091   -6.519   -6.069   -5.883   -5.433   -5.294   -4.857   -4.638
   -4.154   -4.077   -3.298   -3.207   -0.614   -0.608   -0.456    0.476    0.659    0.933
    1.972    2.420    2.516    3.098    3.403    3.503    3.856    4.382    4.450    4.531
    4.672    4.875    5.508    5.862    5.951    6.228    6.430    6.819    6.939    7.066
    7.229    7.448    7.466    7.540    7.555    7.824    8.156    8.193    8.357    8.501
    8.545    8.557    8.840    8.939    9.379    9.640    9.838    9.890   10.038   10.208
            0.000000  0.307299  0.000000
  -64.920  -64.916  -49.103  -49.103  -49.103  -49.103  -49.089  -49.089  -49.089  -49.089
  -49.079  -49.079  -33.598  -33.538  -33.522  -33.511  -33.493  -33.469  -15.458  -14.529
  -14.432  -14.221   -7.153   -6.564   -6.042   -5.833   -5.360   -5.302   -4.881   -4.593
   -4.124   -3.922   -3.234   -3.198   -0.709   -0.615   -0.495    0.400    0.704    0.947
    1.985    2.461    2.541    2.996    3.408    3.426    3.782    4.283    4.381    4.455
    4.543    4.732    5.462    5.877    5.892    6.282    6.341    6.804    6.835    7.046
    7.227    7.393    7.414    7.476    7.506    7.784    8.071    8.109    8.340    8.481
    8.589    8.635    8.872    8.927    9.392    9.654    9.850    9.949   10.080   10.174
            0.000000  0.279362  0.000000
  -64.920  -64.916  -49.103  -49.103  -49.103  -49.103  -49.089  -49.089  -49.089  -49.089
  -49.079  -49.079  -33.601  -33.539  -33.518  -33.512  -33.488  -33.467  -15.498  -14.545
  -14.432  -14.218   -7.210   -6.606   -6.016   -5.781   -5.313   -5.303   -4.904   -4.527
   -4.098   -3.766   -3.258   -3.106   -0.807   -0.625   -0.536    0.325    0.748    0.962
    2.014    2.493    2.579    2.901    3.353    3.400    3.714    4.184    4.292    4.386
    4.441    4.597    5.415    5.836    5.892    6.252    6.340    6.738    6.790    7.028
    7.209    7.334    7.364    7.417    7.464    7.766    7.954    8.059    8.303    8.421
    8.631    8.766    8.919    8.940    9.388    9.656    9.819    9.994   10.113   10.171
            0.000000  0.251426  0.000000
  -64.920  -64.916  -49.103  -49.103  -49.103  -49.103  -49.089  -49.089  -49.089  -49.089
  -49.079  -49.079  -33.603  -33.540  -33.514  -33.512  -33.483  -33.466  -15.535  -14.560
  -14.432  -14.215   -7.263   -6.646   -5.989   -5.727   -5.324   -5.263   -4.926   -4.441
   -4.075   -3.618   -3.280   -3.014   -0.908   -0.640   -0.575    0.249    0.790    0.976
    2.060    2.508    2.626    2.823    3.285    3.380    3.652    4.082    4.182    4.323
    4.371    4.474    5.369    5.783    5.894    6.180    6.401    6.652    6.776    7.012
    7.180    7.268    7.316    7.362    7.426    7.763    7.848    8.010    8.260    8.366
    8.668    8.885    8.974    8.977    9.374    9.657    9.790    9.984   10.141   10.209
            0.000000  0.223490  0.000000
  -64.920  -64.916  -49.103  -49.103  -49.103  -49.102  -49.089  -49.089  -49.089  -49.089
  -49.079  -49.079  -33.605  -33.541  -33.512  -33.510  -33.479  -33.465  -15.569  -14.575
  -14.431  -14.212   -7.311   -6.683   -5.962   -5.673   -5.336   -5.238   -4.947   -4.341
   -4.056   -3.502   -3.275   -2.926   -1.010   -0.662   -0.613    0.175    0.829    0.990
    2.121    2.494    2.681    2.775    3.222    3.351    3.596    3.977    4.064    4.265
    4.320    4.366    5.326    5.734    5.860    6.145    6.462    6.579    6.764    6.996
    7.149    7.196    7.271    7.313    7.389    7.759    7.766    7.964    8.214    8.316
    8.702    8.990    9.015    9.040    9.356    9.665    9.768    9.952   10.172   10.261
            0.000000  0.195554  0.000000
  -64.920  -64.916  -49.103  -49.103  -49.103  -49.102  -49.089  -49.089  -49.089  -49.089
  -49.079  -49.079  -33.607  -33.542  -33.512  -33.507  -33.475  -33.464  -15.599  -14.589
  -14.431  -14.209   -7.354   -6.716   -5.937   -5.619   -5.348   -5.223   -4.966   -4.234
   -4.039   -3.466   -3.194   -2.842   -1.113   -0.692   -0.646    0.104    0.865    1.005
    2.192    2.450    2.744    2.759    3.164    3.315    3.545    3.867    3.948    4.214
    4.275    4.280    5.287    5.690    5.787    6.152    6.518    6.521    6.756    6.980
    7.119    7.121    7.229    7.269    7.353    7.686    7.770    7.922    8.168    8.272
    8.737    9.053    9.081    9.097    9.336    9.685    9.758    9.917   10.213   10.319
            0.000000  0.167617  0.000000
  -64.921  -64.916  -49.103  -49.103  -49.103  -49.102  -49.089  -49.089  -49.089  -49.089
  -49.080  -49.079  -33.609  -33.542  -33.512  -33.504  -33.471  -33.463  -15.625  -14.602
  -14.431  -14.206   -7.391   -6.745   -5.912   -5.568   -5.359   -5.215   -4.983   -4.133
   -4.015   -3.486   -3.064   -2.766   -1.214   -0.726   -0.678    0.037    0.899    1.019
    2.267    2.396    2.764    2.812    3.113    3.277    3.500    3.755    3.837    4.166
    4.203    4.248    5.253    5.650    5.697    6.176    6.469    6.578    6.752    6.965
    7.045    7.094    7.193    7.230    7.318    7.628    7.770    7.885    8.124    8.233
    8.773    9.082    9.137    9.160    9.316    9.717    9.761    9.886   10.271   10.383
            0.000000  0.139681  0.000000
  -64.921  -64.916  -49.103  -49.103  -49.103  -49.102  -49.089  -49.089  -49.089  -49.089
  -49.080  -49.079  -33.610  -33.543  -33.513  -33.501  -33.468  -33.462  -15.648  -14.613
  -14.431  -14.204   -7.423   -6.770   -5.890   -5.520   -5.368   -5.211   -4.998   -4.069
   -3.960   -3.520   -2.927   -2.697   -1.311   -0.759   -0.712   -0.023    0.930    1.031
    2.291    2.401    2.777    2.883    3.068    3.239    3.459    3.642    3.734    4.122
    4.149    4.221    5.224    5.608    5.615    6.204    6.432    6.631    6.753    6.947
    6.978    7.076    7.161    7.197    7.285    7.584    7.766    7.852    8.082    8.200
    8.808    9.101    9.159    9.227    9.295    9.757    9.775    9.861   10.348   10.449
            0.000000  0.111745  0.000000
  -64.921  -64.916  -49.103  -49.103  -49.103  -49.102  -49.089  -49.089  -49.089  -49.089
  -49.080  -49.079  -33.611  -33.544  -33.513  -33.499  -33.465  -33.462  -15.666  -14.622
  -14.431  -14.202   -7.450   -6.791   -5.871   -5.478   -5.377   -5.210   -5.011   -4.048
   -3.873   -3.555   -2.798   -2.637   -1.400   -0.790   -0.749   -0.074    0.957    1.041
    2.245    2.488    2.791    2.954    3.029    3.206    3.414    3.539    3.638    4.080
    4.112    4.198    5.200    5.527    5.585    6.226    6.406    6.679    6.757    6.904
    6.945    7.067    7.135    7.171    7.253    7.550    7.758    7.826    8.045    8.173
    8.839    9.111    9.169    9.277    9.280    9.788    9.799    9.853   10.442   10.513
            0.000000  0.083809  0.000000
  -64.921  -64.916  -49.103  -49.103  -49.103  -49.102  -49.089  -49.089  -49.089  -49.089
  -49.080  -49.079  -33.612  -33.544  -33.513  -33.497  -33.463  -33.461  -15.681  -14.630
  -14.430  -14.200   -7.471   -6.808   -5.855   -5.442   -5.384   -5.210   -5.021   -4.040
   -3.787   -3.586   -2.687   -2.589   -1.477   -0.816   -0.786   -0.115    0.981    1.047
    2.199    2.588    2.803    2.999    3.022    3.181    3.347    3.467    3.551    4.047
    4.086    4.179    5.181    5.459    5.562    6.239    6.393    6.721    6.764    6.853
    6.931    7.067    7.115    7.150    7.221    7.524    7.746    7.808    8.013    8.152
    8.864    9.116    9.170    9.261    9.318    9.787    9.839    9.870   10.551   10.573
            0.000000  0.055872  0.000000
  -64.921  -64.916  -49.103  -49.103  -49.103  -49.102  -49.089  -49.089  -49.089  -49.089
  -49.080  -49.079  -33.613  -33.544  -33.513  -33.496  -33.462  -33.461  -15.691  -14.635
  -14.430  -14.199   -7.486   -6.819   -5.843   -5.416   -5.389   -5.211   -5.028   -4.036
   -3.719   -3.611   -2.599   -2.553   -1.538   -0.836   -0.820   -0.144    1.000    1.050
    2.163    2.689    2.812    2.976    3.075    3.177    3.255    3.432    3.472    4.023
    4.068    4.165    5.168    5.408    5.544    6.244    6.387    6.754    6.771    6.815
    6.920    7.077    7.100    7.135    7.190    7.507    7.734    7.796    7.990    8.137
    8.882    9.117    9.168    9.248    9.343    9.779    9.871    9.898   10.622   10.667
            0.000000  0.027936  0.000000
  -64.921  -64.916  -49.103  -49.103  -49.103  -49.102  -49.089  -49.089  -49.089  -49.089
  -49.080  -49.079  -33.613  -33.545  -33.513  -33.495  -33.461  -33.461  -15.698  -14.638
  -14.430  -14.198   -7.494   -6.827   -5.836   -5.399   -5.392   -5.211   -5.033   -4.035
   -3.674   -3.626   -2.543   -2.531   -1.576   -0.848   -0.844   -0.161    1.015    1.050
    2.142    2.777    2.817    2.961    3.095    3.168    3.205    3.406    3.417    4.009
    4.057    4.156    5.160    5.377    5.534    6.245    6.386    6.775    6.776    6.791
    6.912    7.089    7.097    7.126    7.160    7.497    7.725    7.790    7.976    8.128
    8.893    9.118    9.166    9.241    9.357    9.772    9.892    9.920   10.657   10.785
            0.000000  0.000000  0.000000
  -64.921  -64.916  -49.103  -49.103  -49.103  -49.102  -49.089  -49.089  -49.089  -49.089
  -49.080  -49.079  -33.613  -33.545  -33.513  -33.495  -33.461  -33.461  -15.700  -14.639
  -14.430  -14.198   -7.497   -6.829   -5.834   -5.393   -5.393   -5.211   -5.034   -4.034
   -3.659   -3.632   -2.523   -2.523   -1.590   -0.852   -0.852   -0.167    1.020    1.049
    2.134    2.819    2.819    2.955    3.097    3.128    3.230    3.373    3.412    4.004
    4.054    4.153    5.157    5.366    5.530    6.245    6.386    6.777    6.783    6.783
    6.909    7.087    7.110    7.125    7.141    7.494    7.721    7.788    7.971    8.125
    8.896    9.118    9.165    9.238    9.362    9.770    9.899    9.928   10.669   10.880
